   1   5   1   0  0.2058539E+03  0.5000000E+02
  CAR 
 unknown system                          
   0   0   0
   1   1
 256 256 256
 256
  0.1000000E-09
  0.6250000E-11
  10
  0.2000000E-14  0.1029744E-08  0.9737961E-09  0.1026843E-08
  0.1184068E+03  0.1184068E+03
  0.000
  0.000
  0.000
  0.000
  0.000
  0.000
  0.000
  0.000
  0.000
  0.000
  0.000
  0.000
  0.000
  0.000
  0.000
  0.000
  0.000
262.843
 78.401
  0.000
  0.000
  0.000
  0.000
  0.000
  0.000
  0.000
  0.000
  0.000
 99.119
 92.513
  0.000
  0.000
  0.000
  0.000
  0.000
  0.000
  0.000
  0.000
  0.000
  0.000
  0.000
  0.000
  0.000
  0.000
  0.000
  0.000
  0.000
  0.000
  0.000
  0.000
  0.000
  0.000
  0.000
  0.000
  0.000
  0.000
  0.000
  0.000
  0.000
  0.000
  0.000
  0.000
  0.000
  0.000
  0.000
  0.000
  0.000
  0.000
  0.000
  0.000
  0.000
  0.000
  0.000
  0.000
  0.000
  0.000
  0.000
  0.000
  0.000
  0.000
  0.000
  0.000
  0.000
  0.000
  0.000
  0.000
  0.000
  0.000
  0.000
  0.000
  0.000
  0.000
  0.000
  0.000
  0.000
  0.000
  0.000
  0.000
  0.000
  0.000
  0.000
  0.000
  0.000
  0.000
  0.000
  0.000
  0.000
  0.000
  0.000
  0.000
  0.000
  0.000
  0.000
  0.000
  0.000
  0.000
  0.000
  0.000
  0.000
  0.000
  0.000
  0.000
  0.000
  0.000
  0.000
  0.000
  0.000
  0.000
  0.000
  0.000
  0.000
  1.552
  0.000
  1.506
  1.484
  0.000
  0.000
  0.000
  0.000
  1.379
  1.360
  1.340
  0.000
  1.303
  0.000
  1.268
  2.501
  2.467
  1.217
  1.201
  3.555
  0.000
  1.154
  1.139
  1.124
  0.000
  1.096
  1.082
  0.000
  2.110
  1.042
  1.029
  0.000
  1.004
  2.975
  3.920
  1.936
  0.957
  1.891
  1.868
  2.770
  1.825
  0.902
  0.000
  0.000
  0.000
  0.000
  0.000
  0.842
  3.332
  0.824
  0.815
  1.612
  0.000
  0.000
  0.000
  0.000
  0.000
  0.755
  0.747
  0.740
  0.000
  0.000
  0.717
  0.000
  0.000
  0.695
  0.000
  0.000
  1.349
  0.000
  0.000
  0.000
  0.000
  0.000
  1.907
  1.259
  2.493
  0.617
  1.223
  0.606
  0.000
  1.189
  0.589
  0.583
  1.156
  2.863
  0.000
  1.124
  2.785
  0.552
  2.735
  1.626
  1.612
  1.065
  1.583
  3.139
  1.556
  1.028
  1.529
  1.010
  0.000
  1.490
  0.000
  1.952
  0.968
  0.480
  1.903
  0.944
  1.404
  0.000
  1.841
  1.826
  0.905
  1.347
  1.336
  1.325
  1.314
  0.000
  0.431
  0.000
  1.273
  0.421
  1.671
  0.829
  1.645
  0.1209861E+03  0.1209861E+03
  0.000
  0.000
  0.000
  0.000
  0.000
  0.000
  0.000
  0.000
  0.000
  0.000
  0.000
  0.000
  0.000
  0.000
  0.000
  0.000
  0.000
262.843
 78.401
  0.000
  0.000
  0.000
  0.000
  0.000
  0.000
  0.000
  0.000
  0.000
 99.119
 92.513
  0.000
  0.000
  0.000
  0.000
  0.000
  0.000
  0.000
  0.000
  0.000
  0.000
  0.000
  0.000
  0.000
  0.000
  0.000
  0.000
  0.000
  0.000
  0.000
  0.000
  0.000
  0.000
  0.000
  0.000
  0.000
  0.000
  0.000
  0.000
  0.000
  0.000
  0.000
  0.000
  0.000
  0.000
  0.000
  0.000
  0.000
  0.000
  0.000
  0.000
  0.000
  0.000
  0.000
  0.000
  0.000
  0.000
  0.000
  0.000
  0.000
  0.000
  0.000
  0.000
  0.000
  0.000
  0.000
  0.000
  0.000
  0.000
  0.000
  0.000
  0.000
  0.000
  0.000
  0.000
  0.000
  0.000
  0.000
  0.000
  0.000
  0.000
  0.000
  0.000
  0.000
  0.000
  0.000
  0.000
  0.000
  0.000
  0.000
  0.000
  0.000
  0.000
  0.000
  0.000
  0.000
  0.000
  0.000
  0.000
  0.000
  0.000
  0.000
  0.000
  0.000
  0.000
  0.000
  0.000
  0.000
  0.000
  0.000
  0.000
  0.000
  1.552
  1.529
  0.000
  0.000
  1.462
  0.000
  0.000
  0.000
  2.758
  0.000
  0.000
  1.322
  0.000
  2.571
  0.000
  1.251
  3.701
  1.217
  1.201
  2.370
  1.169
  0.000
  2.278
  1.124
  0.000
  0.000
  2.164
  0.000
  3.165
  0.000
  1.029
  0.000
  1.004
  3.967
  3.920
  1.936
  0.000
  1.891
  1.868
  0.923
  2.738
  0.902
  0.892
  0.000
  0.000
  0.000
  0.000
  0.842
  2.499
  0.824
  2.444
  0.806
  0.000
  0.000
  0.000
  0.000
  0.763
  0.755
  0.000
  0.000
  0.732
  0.000
  0.717
  0.000
  0.702
  0.000
  0.000
  0.681
  0.000
  0.668
  0.000
  0.000
  0.000
  0.642
  2.542
  1.259
  0.623
  1.235
  0.612
  1.211
  0.000
  1.189
  0.589
  0.000
  1.734
  2.863
  0.567
  1.687
  1.114
  1.656
  2.188
  1.626
  1.075
  1.065
  2.639
  2.616
  2.074
  0.514
  1.019
  1.515
  0.000
  0.993
  1.477
  0.488
  1.452
  0.000
  1.427
  1.887
  0.468
  1.392
  1.381
  1.369
  0.905
  2.245
  0.891
  1.325
  0.876
  0.869
  0.000
  0.000
  0.424
  1.684
  0.835
  2.072
  1.233
  0.1070812E+03  0.1070812E+03
  0.000
  0.000
  0.000
  0.000
  0.000
  0.000
  0.000
  0.000
  0.000
  0.000
  0.000
  0.000
  0.000
  0.000
  0.000
  0.000
  0.000
262.843
 78.401
  0.000
  0.000
  0.000
  0.000
  0.000
  0.000
  0.000
  0.000
  0.000
132.158
 61.676
  0.000
  0.000
  0.000
  0.000
  0.000
  0.000
  0.000
  0.000
  0.000
  0.000
  0.000
  0.000
  0.000
  0.000
  0.000
  0.000
  0.000
  0.000
  0.000
  0.000
  0.000
  0.000
  0.000
  0.000
  0.000
  0.000
  0.000
  0.000
  0.000
  0.000
  0.000
  0.000
  0.000
  0.000
  0.000
  0.000
  0.000
  0.000
  0.000
  0.000
  0.000
  0.000
  0.000
  0.000
  0.000
  0.000
  0.000
  0.000
  0.000
  0.000
  0.000
  0.000
  0.000
  0.000
  0.000
  0.000
  0.000
  0.000
  0.000
  0.000
  0.000
  0.000
  0.000
  0.000
  0.000
  0.000
  0.000
  0.000
  0.000
  0.000
  0.000
  0.000
  0.000
  0.000
  0.000
  0.000
  0.000
  0.000
  0.000
  0.000
  0.000
  0.000
  0.000
  0.000
  0.000
  0.000
  0.000
  0.000
  0.000
  0.000
  0.000
  0.000
  0.000
  0.000
  0.000
  0.000
  0.000
  0.000
  0.000
  0.000
  0.000
  1.552
  1.529
  0.000
  0.000
  1.462
  0.000
  0.000
  0.000
  2.758
  0.000
  0.000
  0.000
  1.303
  2.571
  0.000
  1.251
  3.701
  1.217
  1.201
  3.555
  0.000
  0.000
  2.278
  1.124
  0.000
  1.096
  1.082
  0.000
  2.110
  1.042
  1.029
  0.000
  1.004
  3.967
  2.940
  1.936
  0.957
  1.891
  1.868
  1.846
  1.825
  0.902
  0.000
  0.881
  0.000
  0.000
  0.000
  0.842
  2.499
  0.000
  4.074
  0.000
  0.000
  0.000
  0.000
  0.772
  0.763
  0.000
  0.000
  0.000
  0.732
  0.000
  0.717
  0.709
  0.000
  0.000
  0.000
  0.681
  0.674
  0.000
  0.000
  0.000
  0.000
  1.284
  1.271
  1.888
  0.000
  1.852
  0.612
  1.211
  0.000
  0.000
  1.766
  0.000
  1.156
  3.436
  0.000
  2.249
  0.557
  2.208
  2.188
  2.169
  0.537
  1.065
  2.639
  2.616
  2.074
  1.028
  0.510
  1.515
  0.000
  0.993
  1.969
  0.488
  0.968
  0.000
  1.427
  2.359
  0.000
  1.856
  1.841
  0.913
  0.453
  2.245
  1.781
  0.883
  0.438
  0.869
  0.000
  0.000
  0.424
  2.105
  0.835
  1.657
  0.822
  0.1442326E+03  0.1442326E+03
  0.000
  0.000
  0.000
  0.000
  0.000
  0.000
  0.000
  0.000
  0.000
  0.000
  0.000
  0.000
  0.000
  0.000
  0.000
  0.000
 98.553
175.229
 78.401
  0.000
  0.000
  0.000
  0.000
  0.000
  0.000
  0.000
  0.000
 35.486
132.158
 30.838
  0.000
  0.000
  0.000
  0.000
  0.000
  0.000
  0.000
  0.000
  0.000
  0.000
  0.000
  0.000
  0.000
  0.000
  0.000
  0.000
  0.000
  0.000
  0.000
  0.000
  0.000
  0.000
  0.000
  0.000
  0.000
  0.000
  0.000
  0.000
  0.000
  0.000
  0.000
  0.000
  0.000
  0.000
  0.000
  0.000
  0.000
  0.000
  0.000
  0.000
  0.000
  0.000
  0.000
  0.000
  0.000
  0.000
  0.000
  0.000
  0.000
  0.000
  0.000
  0.000
  0.000
  0.000
  0.000
  0.000
  0.000
  0.000
  0.000
  0.000
  0.000
  0.000
  0.000
  0.000
  0.000
  0.000
  0.000
  0.000
  0.000
  0.000
  0.000
  0.000
  0.000
  0.000
  0.000
  0.000
  0.000
  0.000
  0.000
  0.000
  0.000
  0.000
  0.000
  0.000
  0.000
  0.000
  0.000
  0.000
  0.000
  0.000
  0.000
  0.000
  0.000
  0.000
  0.000
  0.000
  0.000
  0.000
  0.000
  0.000
  0.000
  1.552
  0.000
  1.506
  0.000
  1.462
  0.000
  0.000
  0.000
  0.000
  2.719
  0.000
  0.000
  1.303
  1.285
  1.268
  1.251
  2.467
  2.434
  0.000
  2.370
  3.508
  1.154
  0.000
  1.124
  0.000
  0.000
  2.164
  1.068
  1.055
  1.042
  1.029
  0.000
  1.004
  3.967
  2.940
  2.904
  0.957
  0.945
  2.803
  0.923
  2.738
  0.000
  0.892
  0.000
  0.000
  0.000
  0.000
  0.000
  2.499
  3.295
  1.629
  0.000
  0.000
  0.000
  0.000
  0.772
  0.763
  0.000
  0.000
  0.740
  0.000
  0.000
  0.717
  0.000
  0.000
  0.695
  0.000
  0.000
  1.349
  0.000
  0.000
  0.000
  0.000
  0.000
  1.907
  0.000
  3.117
  0.617
  1.835
  0.606
  0.000
  1.189
  0.589
  0.000
  1.156
  3.436
  0.000
  1.124
  1.671
  1.104
  3.829
  2.169
  0.000
  0.533
  2.111
  4.185
  1.037
  1.542
  0.000
  1.515
  1.502
  0.000
  1.969
  1.464
  0.000
  0.000
  1.903
  1.416
  1.404
  1.392
  0.920
  0.913
  1.811
  1.347
  2.227
  0.000
  1.314
  0.000
  0.431
  0.428
  0.849
  0.842
  1.671
  0.414
  1.645
  0.1084678E+03  0.1084678E+03
  0.000
  0.000
  0.000
  0.000
  0.000
  0.000
  0.000
  0.000
  0.000
  0.000
  0.000
  0.000
  0.000
  0.000
  0.000
  0.000
 98.553
175.229
 78.401
  0.000
  0.000
  0.000
  0.000
  0.000
  0.000
  0.000
  0.000
 35.486
132.158
 30.838
  0.000
  0.000
  0.000
  0.000
  0.000
  0.000
  0.000
  0.000
  0.000
  0.000
  0.000
  0.000
  0.000
  0.000
  0.000
  0.000
  0.000
  0.000
  0.000
  0.000
  0.000
  0.000
  0.000
  0.000
  0.000
  0.000
  0.000
  0.000
  0.000
  0.000
  0.000
  0.000
  0.000
  0.000
  0.000
  0.000
  0.000
  0.000
  0.000
  0.000
  0.000
  0.000
  0.000
  0.000
  0.000
  0.000
  0.000
  0.000
  0.000
  0.000
  0.000
  0.000
  0.000
  0.000
  0.000
  0.000
  0.000
  0.000
  0.000
  0.000
  0.000
  0.000
  0.000
  0.000
  0.000
  0.000
  0.000
  0.000
  0.000
  0.000
  0.000
  0.000
  0.000
  0.000
  0.000
  0.000
  0.000
  0.000
  0.000
  0.000
  0.000
  0.000
  0.000
  0.000
  0.000
  0.000
  0.000
  0.000
  0.000
  0.000
  0.000
  0.000
  0.000
  0.000
  0.000
  0.000
  0.000
  0.000
  0.000
  0.000
  0.000
  0.000
  3.057
  0.000
  1.484
  0.000
  0.000
  0.000
  0.000
  0.000
  1.360
  1.340
  0.000
  1.303
  2.571
  0.000
  0.000
  6.168
  0.000
  2.402
  0.000
  4.677
  0.000
  0.000
  0.000
  1.110
  0.000
  1.082
  2.137
  1.055
  1.042
  1.029
  0.000
  0.000
  0.992
  5.879
  3.873
  0.000
  1.891
  2.803
  2.770
  0.913
  0.902
  0.000
  0.000
  0.000
  0.000
  0.000
  0.000
  1.666
  4.943
  0.000
  0.806
  0.000
  0.000
  0.000
  0.000
  0.763
  0.755
  0.747
  0.000
  0.000
  0.000
  0.717
  0.000
  0.000
  0.695
  0.000
  0.000
  1.349
  0.000
  0.000
  0.000
  0.000
  0.000
  1.271
  2.518
  1.247
  0.617
  2.446
  0.000
  0.000
  1.189
  0.589
  0.000
  0.578
  4.008
  0.567
  1.124
  1.114
  1.104
  3.282
  2.711
  0.000
  0.533
  3.167
  2.093
  1.556
  2.056
  0.000
  1.010
  2.003
  0.497
  0.985
  0.976
  0.968
  0.000
  2.379
  0.000
  2.807
  0.928
  0.920
  0.000
  2.716
  0.898
  2.227
  0.442
  1.314
  0.000
  0.431
  0.428
  0.849
  0.421
  1.253
  1.243
  1.645
  0.1505538E+03  0.1505538E+03
  0.000
  0.000
  0.000
  0.000
  0.000
  0.000
  0.000
  0.000
  0.000
  0.000
  0.000
  0.000
  0.000
  0.000
  0.000
  0.000
  0.000
262.843
 78.401
  0.000
  0.000
  0.000
  0.000
  0.000
  0.000
  0.000
  0.000
  0.000
132.158
 61.676
  0.000
  0.000
  0.000
  0.000
  0.000
  0.000
  0.000
  0.000
  0.000
  0.000
  0.000
  0.000
  0.000
  0.000
  0.000
  0.000
  0.000
  0.000
  0.000
  0.000
  0.000
  0.000
  0.000
  0.000
  0.000
  0.000
  0.000
  0.000
  0.000
  0.000
  0.000
  0.000
  0.000
  0.000
  0.000
  0.000
  0.000
  0.000
  0.000
  0.000
  0.000
  0.000
  0.000
  0.000
  0.000
  0.000
  0.000
  0.000
  0.000
  0.000
  0.000
  0.000
  0.000
  0.000
  0.000
  0.000
  0.000
  0.000
  0.000
  0.000
  0.000
  0.000
  0.000
  0.000
  0.000
  0.000
  0.000
  0.000
  0.000
  0.000
  0.000
  0.000
  0.000
  0.000
  0.000
  0.000
  0.000
  0.000
  0.000
  0.000
  0.000
  0.000
  0.000
  0.000
  0.000
  0.000
  0.000
  0.000
  0.000
  0.000
  0.000
  0.000
  0.000
  0.000
  0.000
  0.000
  0.000
  0.000
  0.000
  0.000
  0.000
  3.104
  0.000
  0.000
  0.000
  1.462
  0.000
  0.000
  0.000
  0.000
  2.719
  0.000
  1.322
  2.607
  0.000
  0.000
  0.000
  6.168
  0.000
  1.201
  1.185
  2.339
  2.308
  0.000
  0.000
  1.110
  0.000
  0.000
  4.273
  0.000
  1.042
  1.029
  0.000
  0.000
  0.992
  6.859
  1.936
  1.913
  1.891
  1.868
  1.846
  1.825
  0.902
  0.000
  0.000
  0.000
  0.000
  0.000
  0.842
  1.666
  0.824
  3.259
  0.806
  0.000
  0.000
  0.000
  0.000
  0.763
  0.755
  0.000
  0.740
  0.000
  0.000
  0.717
  0.000
  0.702
  0.000
  0.000
  0.681
  0.674
  0.000
  0.000
  0.000
  0.000
  0.000
  1.907
  1.888
  1.870
  0.617
  0.612
  1.211
  0.000
  0.594
  1.178
  0.000
  2.890
  1.718
  0.567
  1.687
  1.114
  1.104
  2.188
  2.169
  1.075
  1.598
  2.111
  2.616
  1.556
  1.542
  0.510
  1.010
  1.502
  0.497
  0.000
  1.464
  0.968
  0.480
  1.903
  1.416
  1.404
  1.392
  0.460
  0.913
  2.263
  0.898
  1.336
  2.209
  0.000
  0.869
  0.000
  0.428
  0.849
  0.000
  1.253
  2.901
  0.822
  0.5940661E+02  0.5940661E+02
  0.000
  0.000
  0.000
  0.000
  0.000
  0.000
  0.000
  0.000
  0.000
  0.000
  0.000
  0.000
  0.000
  0.000
  0.000
  0.000
 98.553
175.229
 78.401
  0.000
  0.000
  0.000
  0.000
  0.000
  0.000
  0.000
  0.000
  0.000
132.158
 61.676
  0.000
  0.000
  0.000
  0.000
  0.000
  0.000
  0.000
  0.000
  0.000
  0.000
  0.000
  0.000
  0.000
  0.000
  0.000
  0.000
  0.000
  0.000
  0.000
  0.000
  0.000
  0.000
  0.000
  0.000
  0.000
  0.000
  0.000
  0.000
  0.000
  0.000
  0.000
  0.000
  0.000
  0.000
  0.000
  0.000
  0.000
  0.000
  0.000
  0.000
  0.000
  0.000
  0.000
  0.000
  0.000
  0.000
  0.000
  0.000
  0.000
  0.000
  0.000
  0.000
  0.000
  0.000
  0.000
  0.000
  0.000
  0.000
  0.000
  0.000
  0.000
  0.000
  0.000
  0.000
  0.000
  0.000
  0.000
  0.000
  0.000
  0.000
  0.000
  0.000
  0.000
  0.000
  0.000
  0.000
  0.000
  0.000
  0.000
  0.000
  0.000
  0.000
  0.000
  0.000
  0.000
  0.000
  0.000
  0.000
  0.000
  0.000
  0.000
  0.000
  0.000
  0.000
  0.000
  0.000
  0.000
  0.000
  0.000
  0.000
  0.000
  3.104
  0.000
  0.000
  0.000
  0.000
  1.440
  0.000
  0.000
  1.379
  1.360
  0.000
  1.322
  2.607
  0.000
  0.000
  1.251
  4.935
  0.000
  1.201
  0.000
  3.508
  1.154
  1.139
  1.124
  0.000
  0.000
  0.000
  4.273
  1.055
  0.000
  1.029
  0.000
  0.000
  0.992
  6.859
  1.936
  0.957
  3.781
  0.934
  0.923
  0.913
  2.706
  0.000
  0.000
  0.000
  0.000
  0.852
  0.000
  2.499
  1.648
  1.629
  0.806
  0.000
  0.000
  0.000
  0.000
  0.000
  1.511
  0.000
  0.740
  0.000
  0.724
  0.000
  0.000
  0.702
  0.000
  0.000
  0.681
  0.674
  0.000
  0.000
  0.000
  0.000
  0.000
  1.271
  1.888
  2.493
  0.000
  1.223
  0.000
  1.200
  0.594
  1.178
  0.000
  3.468
  1.145
  1.135
  1.124
  0.557
  1.656
  2.188
  1.626
  1.612
  1.598
  2.111
  3.139
  1.037
  1.028
  1.019
  1.010
  1.002
  0.993
  0.000
  0.488
  1.936
  0.480
  0.952
  2.359
  0.936
  1.856
  0.460
  0.913
  1.811
  1.347
  0.891
  2.209
  1.314
  0.000
  0.000
  0.428
  0.424
  0.842
  0.835
  2.901
  0.411
  0.1225941E+03  0.1225941E+03
  0.000
  0.000
  0.000
  0.000
  0.000
  0.000
  0.000
  0.000
  0.000
  0.000
  0.000
  0.000
  0.000
  0.000
  0.000
  0.000
  0.000
350.457
  0.000
  0.000
  0.000
  0.000
  0.000
  0.000
  0.000
  0.000
  0.000
  0.000
165.198
 30.838
  0.000
  0.000
  0.000
  0.000
  0.000
  0.000
  0.000
  0.000
  0.000
  0.000
  0.000
  0.000
  0.000
  0.000
  0.000
  0.000
  0.000
  0.000
  0.000
  0.000
  0.000
  0.000
  0.000
  0.000
  0.000
  0.000
  0.000
  0.000
  0.000
  0.000
  0.000
  0.000
  0.000
  0.000
  0.000
  0.000
  0.000
  0.000
  0.000
  0.000
  0.000
  0.000
  0.000
  0.000
  0.000
  0.000
  0.000
  0.000
  0.000
  0.000
  0.000
  0.000
  0.000
  0.000
  0.000
  0.000
  0.000
  0.000
  0.000
  0.000
  0.000
  0.000
  0.000
  0.000
  0.000
  0.000
  0.000
  0.000
  0.000
  0.000
  0.000
  0.000
  0.000
  0.000
  0.000
  0.000
  0.000
  0.000
  0.000
  0.000
  0.000
  0.000
  0.000
  0.000
  0.000
  0.000
  0.000
  0.000
  0.000
  0.000
  0.000
  0.000
  0.000
  0.000
  0.000
  0.000
  0.000
  0.000
  0.000
  0.000
  0.000
  3.104
  0.000
  0.000
  0.000
  1.462
  0.000
  0.000
  0.000
  1.379
  1.360
  1.340
  0.000
  2.607
  0.000
  0.000
  0.000
  4.935
  1.217
  0.000
  2.370
  2.339
  2.308
  0.000
  1.124
  0.000
  0.000
  0.000
  4.273
  1.055
  0.000
  1.029
  0.000
  0.000
  0.000
  7.839
  2.904
  0.957
  1.891
  1.868
  0.923
  1.825
  1.804
  0.000
  0.000
  0.000
  0.000
  0.000
  0.842
  0.833
  3.295
  1.629
  0.806
  0.000
  0.000
  0.000
  0.000
  0.763
  0.000
  1.495
  0.000
  0.000
  0.000
  0.717
  0.000
  0.702
  0.000
  0.000
  0.681
  0.674
  0.000
  0.000
  0.000
  0.000
  0.000
  1.271
  2.518
  1.870
  0.000
  1.223
  1.211
  0.000
  1.189
  0.000
  1.167
  2.312
  1.718
  0.567
  2.249
  1.114
  0.000
  2.735
  2.169
  1.075
  1.598
  3.167
  2.093
  1.037
  1.028
  1.019
  0.505
  2.003
  0.000
  0.492
  1.464
  0.968
  0.480
  1.903
  1.416
  0.936
  1.856
  0.460
  1.826
  0.453
  1.347
  2.227
  0.883
  1.314
  0.435
  0.000
  0.428
  0.849
  0.421
  0.418
  2.072
  1.645
  0.4729046E+02  0.4729046E+02
  0.000
  0.000
  0.000
  0.000
  0.000
  0.000
  0.000
  0.000
  0.000
  0.000
  0.000
  0.000
  0.000
  0.000
  0.000
  0.000
  0.000
262.843
 78.401
  0.000
  0.000
  0.000
  0.000
  0.000
  0.000
  0.000
  0.000
  0.000
132.158
 61.676
  0.000
  0.000
  0.000
  0.000
  0.000
  0.000
  0.000
  0.000
  0.000
  0.000
  0.000
  0.000
  0.000
  0.000
  0.000
  0.000
  0.000
  0.000
  0.000
  0.000
  0.000
  0.000
  0.000
  0.000
  0.000
  0.000
  0.000
  0.000
  0.000
  0.000
  0.000
  0.000
  0.000
  0.000
  0.000
  0.000
  0.000
  0.000
  0.000
  0.000
  0.000
  0.000
  0.000
  0.000
  0.000
  0.000
  0.000
  0.000
  0.000
  0.000
  0.000
  0.000
  0.000
  0.000
  0.000
  0.000
  0.000
  0.000
  0.000
  0.000
  0.000
  0.000
  0.000
  0.000
  0.000
  0.000
  0.000
  0.000
  0.000
  0.000
  0.000
  0.000
  0.000
  0.000
  0.000
  0.000
  0.000
  0.000
  0.000
  0.000
  0.000
  0.000
  0.000
  0.000
  0.000
  0.000
  0.000
  0.000
  0.000
  0.000
  0.000
  0.000
  0.000
  0.000
  0.000
  0.000
  0.000
  0.000
  0.000
  0.000
  0.000
  0.000
  3.057
  0.000
  0.000
  1.462
  0.000
  0.000
  0.000
  0.000
  1.360
  2.681
  0.000
  1.303
  1.285
  0.000
  0.000
  6.168
  0.000
  1.201
  1.185
  3.508
  1.154
  0.000
  1.124
  0.000
  0.000
  0.000
  4.273
  1.055
  0.000
  1.029
  0.000
  0.000
  2.975
  4.899
  2.904
  0.957
  1.891
  2.803
  0.000
  1.825
  1.804
  0.000
  0.000
  0.000
  0.000
  0.000
  0.842
  0.833
  4.943
  0.000
  0.806
  0.000
  0.000
  0.000
  0.000
  0.763
  0.000
  1.495
  0.000
  0.000
  0.000
  0.717
  0.000
  0.000
  0.695
  0.000
  0.000
  1.349
  0.000
  0.000
  0.000
  0.000
  0.000
  0.636
  3.147
  1.870
  0.000
  1.223
  1.211
  0.600
  0.594
  0.000
  1.167
  1.156
  2.863
  0.567
  1.687
  1.671
  0.000
  2.188
  2.169
  2.149
  2.130
  1.583
  1.569
  1.556
  1.542
  1.529
  0.000
  2.003
  0.000
  0.985
  0.976
  0.968
  0.480
  2.379
  0.944
  1.872
  0.928
  0.920
  0.913
  1.358
  0.449
  2.672
  0.883
  0.438
  1.304
  0.000
  0.428
  0.849
  0.421
  0.835
  1.657
  1.233
  0.1128163E+03  0.1128163E+03
  0.000
  0.000
  0.000
  0.000
  0.000
  0.000
  0.000
  0.000
  0.000
  0.000
  0.000
  0.000
  0.000
  0.000
  0.000
  0.000
  0.000
350.457
  0.000
  0.000
  0.000
  0.000
  0.000
  0.000
  0.000
  0.000
  0.000
 70.972
 66.079
 61.676
  0.000
  0.000
  0.000
  0.000
  0.000
  0.000
  0.000
  0.000
  0.000
  0.000
  0.000
  0.000
  0.000
  0.000
  0.000
  0.000
  0.000
  0.000
  0.000
  0.000
  0.000
  0.000
  0.000
  0.000
  0.000
  0.000
  0.000
  0.000
  0.000
  0.000
  0.000
  0.000
  0.000
  0.000
  0.000
  0.000
  0.000
  0.000
  0.000
  0.000
  0.000
  0.000
  0.000
  0.000
  0.000
  0.000
  0.000
  0.000
  0.000
  0.000
  0.000
  0.000
  0.000
  0.000
  0.000
  0.000
  0.000
  0.000
  0.000
  0.000
  0.000
  0.000
  0.000
  0.000
  0.000
  0.000
  0.000
  0.000
  0.000
  0.000
  0.000
  0.000
  0.000
  0.000
  0.000
  0.000
  0.000
  0.000
  0.000
  0.000
  0.000
  0.000
  0.000
  0.000
  0.000
  0.000
  0.000
  0.000
  0.000
  0.000
  0.000
  0.000
  0.000
  0.000
  0.000
  0.000
  0.000
  0.000
  0.000
  0.000
  0.000
  1.552
  1.529
  0.000
  0.000
  1.462
  0.000
  0.000
  0.000
  1.379
  0.000
  0.000
  2.643
  1.303
  1.285
  0.000
  0.000
  3.701
  2.434
  1.201
  2.370
  1.169
  2.308
  0.000
  1.124
  0.000
  0.000
  1.082
  2.137
  2.110
  0.000
  1.029
  0.000
  0.000
  2.975
  4.899
  2.904
  1.913
  0.945
  1.868
  0.923
  1.825
  1.804
  0.000
  0.000
  0.000
  0.000
  0.000
  0.842
  2.499
  0.824
  3.259
  0.000
  0.000
  0.000
  0.000
  0.000
  0.763
  0.755
  0.747
  0.000
  0.000
  0.000
  0.717
  0.000
  0.000
  0.695
  0.000
  0.681
  0.000
  0.668
  0.000
  0.000
  0.000
  0.000
  0.636
  2.518
  1.870
  1.235
  0.612
  0.606
  0.600
  1.189
  0.000
  1.750
  1.156
  2.290
  0.567
  2.249
  0.000
  1.104
  2.188
  2.169
  1.075
  3.195
  1.583
  1.569
  1.556
  1.542
  0.510
  1.010
  1.502
  0.993
  0.492
  0.976
  0.968
  0.480
  1.903
  1.887
  1.404
  0.928
  0.920
  0.456
  2.263
  1.347
  0.891
  1.325
  0.438
  1.304
  0.431
  0.855
  0.000
  0.421
  0.835
  1.657
  0.822
