   1   5   1   0  0.1931000E+03  0.5000000E+02
  CAR 
 unknown system                          
   0   0   0
   1   1
 256 256 256
 256
  0.1000000E-09
  0.6250000E-11
  10
  0.2000000E-14  0.1009056E-08  0.9816043E-09  0.9753506E-09
  0.7183767E+02  0.7183767E+02
  0.000
  0.000
  0.000
  0.000
  0.000
  0.000
  0.000
  0.000
  0.000
  0.000
  0.000
  0.000
  0.000
  0.000
  0.000
  0.000
  0.000
328.744
  0.000
  0.000
  0.000
  0.000
  0.000
  0.000
  0.000
  0.000
  0.000
 33.287
154.963
  0.000
  0.000
  0.000
  0.000
  0.000
  0.000
  0.000
  0.000
  0.000
  0.000
  0.000
  0.000
  0.000
  0.000
  0.000
  0.000
  0.000
  0.000
  0.000
  0.000
  0.000
  0.000
  0.000
  0.000
  0.000
  0.000
  0.000
  0.000
  0.000
  0.000
  0.000
  0.000
  0.000
  0.000
  0.000
  0.000
  0.000
  0.000
  0.000
  0.000
  0.000
  0.000
  0.000
  0.000
  0.000
  0.000
  0.000
  0.000
  0.000
  0.000
  0.000
  0.000
  0.000
  0.000
  0.000
  0.000
  0.000
  0.000
  0.000
  0.000
  0.000
  0.000
  0.000
  0.000
  0.000
  0.000
  0.000
  0.000
  0.000
  0.000
  0.000
  0.000
  0.000
  0.000
  0.000
  0.000
  0.000
  0.000
  0.000
  0.000
  0.000
  0.000
  0.000
  0.000
  0.000
  0.000
  0.000
  0.000
  0.000
  0.000
  0.000
  0.000
  0.000
  0.000
  0.000
  0.000
  0.000
  0.000
  0.000
  1.525
  0.000
  0.000
  0.000
  1.434
  0.000
  1.392
  0.000
  1.351
  0.000
  1.312
  0.000
  1.275
  2.515
  1.240
  3.668
  1.206
  0.000
  2.346
  2.314
  0.000
  2.253
  0.000
  0.000
  0.000
  0.000
  1.055
  1.041
  3.084
  4.060
  1.002
  0.990
  1.955
  0.965
  1.907
  0.000
  0.000
  2.758
  1.816
  0.897
  0.887
  2.629
  1.732
  2.568
  1.692
  0.836
  0.000
  0.000
  0.000
  0.000
  0.000
  0.781
  0.773
  0.000
  0.756
  0.000
  1.479
  0.732
  0.000
  0.716
  0.000
  0.000
  0.000
  0.000
  0.679
  0.000
  0.666
  0.000
  0.652
  0.000
  0.639
  0.633
  0.000
  0.000
  1.228
  1.824
  1.204
  1.192
  1.181
  1.754
  1.158
  0.000
  0.000
  2.251
  1.673
  1.657
  0.547
  2.168
  0.537
  1.597
  2.637
  2.090
  1.553
  2.566
  1.526
  1.512
  0.500
  0.990
  0.000
  0.486
  0.964
  1.434
  1.895
  1.409
  0.931
  0.924
  2.289
  0.454
  0.450
  1.785
  1.770
  1.756
  0.000
  1.295
  0.000
  2.123
  0.421
  0.418
  1.243
  0.411
  0.408
  0.404
  1.605
  1.194
  0.000
  0.000
  0.777
  0.000
  0.1362732E+03  0.1362732E+03
  0.000
  0.000
  0.000
  0.000
  0.000
  0.000
  0.000
  0.000
  0.000
  0.000
  0.000
  0.000
  0.000
  0.000
  0.000
  0.000
  0.000
246.558
 73.543
  0.000
  0.000
  0.000
  0.000
  0.000
  0.000
  0.000
  0.000
  0.000
123.970
 57.854
  0.000
  0.000
  0.000
  0.000
  0.000
  0.000
  0.000
  0.000
  0.000
  0.000
  0.000
  0.000
  0.000
  0.000
  0.000
  0.000
  0.000
  0.000
  0.000
  0.000
  0.000
  0.000
  0.000
  0.000
  0.000
  0.000
  0.000
  0.000
  0.000
  0.000
  0.000
  0.000
  0.000
  0.000
  0.000
  0.000
  0.000
  0.000
  0.000
  0.000
  0.000
  0.000
  0.000
  0.000
  0.000
  0.000
  0.000
  0.000
  0.000
  0.000
  0.000
  0.000
  0.000
  0.000
  0.000
  0.000
  0.000
  0.000
  0.000
  0.000
  0.000
  0.000
  0.000
  0.000
  0.000
  0.000
  0.000
  0.000
  0.000
  0.000
  0.000
  0.000
  0.000
  0.000
  0.000
  0.000
  0.000
  0.000
  0.000
  0.000
  0.000
  0.000
  0.000
  0.000
  0.000
  0.000
  0.000
  0.000
  0.000
  0.000
  0.000
  0.000
  0.000
  0.000
  0.000
  0.000
  0.000
  1.549
  0.000
  0.000
  0.000
  0.000
  1.434
  1.413
  0.000
  0.000
  1.351
  0.000
  1.312
  0.000
  1.275
  2.515
  1.240
  3.668
  1.206
  0.000
  2.346
  3.472
  0.000
  1.126
  0.000
  0.000
  0.000
  0.000
  2.109
  0.000
  3.084
  3.045
  2.004
  0.990
  0.977
  1.931
  1.907
  0.000
  0.000
  1.838
  1.816
  1.795
  0.887
  1.753
  0.866
  3.424
  2.538
  0.836
  0.000
  0.000
  0.000
  0.000
  0.000
  0.781
  0.000
  0.764
  0.000
  0.748
  1.479
  0.732
  0.000
  0.716
  0.000
  0.000
  0.000
  0.687
  0.000
  0.000
  0.666
  0.000
  0.652
  0.645
  0.000
  0.633
  0.626
  0.620
  0.614
  2.432
  0.000
  1.789
  1.771
  0.585
  0.579
  0.574
  0.000
  2.251
  1.673
  2.209
  0.000
  2.711
  0.000
  1.597
  2.637
  2.090
  2.589
  0.513
  2.034
  2.016
  0.000
  1.485
  0.000
  0.000
  1.447
  1.434
  1.422
  1.879
  0.931
  0.924
  2.289
  0.000
  0.900
  0.446
  2.656
  1.317
  0.871
  0.000
  1.284
  1.274
  1.263
  0.418
  1.243
  0.411
  0.408
  0.809
  1.605
  0.398
  0.000
  0.392
  0.777
  0.386
  0.1061351E+03  0.1061351E+03
  0.000
  0.000
  0.000
  0.000
  0.000
  0.000
  0.000
  0.000
  0.000
  0.000
  0.000
  0.000
  0.000
  0.000
  0.000
  0.000
  0.000
246.558
 73.543
  0.000
  0.000
  0.000
  0.000
  0.000
  0.000
  0.000
  0.000
  0.000
 92.978
 57.854
 27.062
  0.000
  0.000
  0.000
  0.000
  0.000
  0.000
  0.000
  0.000
  0.000
  0.000
  0.000
  0.000
  0.000
  0.000
  0.000
  0.000
  0.000
  0.000
  0.000
  0.000
  0.000
  0.000
  0.000
  0.000
  0.000
  0.000
  0.000
  0.000
  0.000
  0.000
  0.000
  0.000
  0.000
  0.000
  0.000
  0.000
  0.000
  0.000
  0.000
  0.000
  0.000
  0.000
  0.000
  0.000
  0.000
  0.000
  0.000
  0.000
  0.000
  0.000
  0.000
  0.000
  0.000
  0.000
  0.000
  0.000
  0.000
  0.000
  0.000
  0.000
  0.000
  0.000
  0.000
  0.000
  0.000
  0.000
  0.000
  0.000
  0.000
  0.000
  0.000
  0.000
  0.000
  0.000
  0.000
  0.000
  0.000
  0.000
  0.000
  0.000
  0.000
  0.000
  0.000
  0.000
  0.000
  0.000
  0.000
  0.000
  0.000
  0.000
  0.000
  0.000
  0.000
  0.000
  0.000
  0.000
  0.000
  1.525
  0.000
  1.478
  0.000
  1.434
  0.000
  0.000
  0.000
  1.351
  0.000
  0.000
  1.294
  0.000
  3.772
  1.240
  1.223
  3.617
  1.189
  3.519
  1.157
  1.142
  0.000
  0.000
  0.000
  0.000
  0.000
  2.109
  1.041
  2.056
  3.045
  2.004
  0.000
  1.955
  2.896
  0.953
  0.000
  0.000
  0.919
  2.724
  1.795
  0.887
  0.876
  1.732
  2.568
  1.692
  2.509
  0.000
  0.000
  0.000
  0.000
  0.790
  0.000
  0.000
  0.000
  0.756
  0.748
  1.479
  0.732
  0.000
  0.716
  0.000
  0.000
  0.000
  0.687
  0.000
  0.000
  1.331
  0.000
  0.000
  0.000
  0.639
  0.000
  1.253
  0.620
  1.842
  1.216
  0.602
  1.192
  2.362
  0.000
  1.158
  0.000
  0.000
  2.814
  0.558
  2.209
  1.642
  0.542
  0.537
  2.129
  2.637
  4.180
  0.000
  1.026
  2.034
  1.512
  0.500
  0.990
  0.491
  0.973
  0.482
  0.956
  1.895
  1.409
  1.863
  0.462
  1.373
  0.908
  0.900
  0.893
  2.213
  0.878
  1.306
  0.000
  0.856
  1.274
  1.263
  1.253
  0.829
  0.411
  0.815
  1.213
  0.401
  0.398
  0.790
  0.000
  0.389
  0.771
  0.1173415E+03  0.1173415E+03
  0.000
  0.000
  0.000
  0.000
  0.000
  0.000
  0.000
  0.000
  0.000
  0.000
  0.000
  0.000
  0.000
  0.000
  0.000
  0.000
  0.000
246.558
 73.543
  0.000
  0.000
  0.000
  0.000
  0.000
  0.000
  0.000
  0.000
 33.287
 92.978
 28.927
 27.062
  0.000
  0.000
  0.000
  0.000
  0.000
  0.000
  0.000
  0.000
  0.000
  0.000
  0.000
  0.000
  0.000
  0.000
  0.000
  0.000
  0.000
  0.000
  0.000
  0.000
  0.000
  0.000
  0.000
  0.000
  0.000
  0.000
  0.000
  0.000
  0.000
  0.000
  0.000
  0.000
  0.000
  0.000
  0.000
  0.000
  0.000
  0.000
  0.000
  0.000
  0.000
  0.000
  0.000
  0.000
  0.000
  0.000
  0.000
  0.000
  0.000
  0.000
  0.000
  0.000
  0.000
  0.000
  0.000
  0.000
  0.000
  0.000
  0.000
  0.000
  0.000
  0.000
  0.000
  0.000
  0.000
  0.000
  0.000
  0.000
  0.000
  0.000
  0.000
  0.000
  0.000
  0.000
  0.000
  0.000
  0.000
  0.000
  0.000
  0.000
  0.000
  0.000
  0.000
  0.000
  0.000
  0.000
  0.000
  0.000
  0.000
  0.000
  0.000
  0.000
  0.000
  0.000
  0.000
  0.000
  0.000
  1.525
  0.000
  1.478
  0.000
  0.000
  1.413
  0.000
  0.000
  1.351
  0.000
  0.000
  1.294
  0.000
  3.772
  1.240
  1.223
  3.617
  1.189
  2.346
  2.314
  0.000
  1.126
  0.000
  0.000
  0.000
  1.068
  1.055
  1.041
  4.112
  1.015
  2.004
  0.990
  0.977
  1.931
  1.907
  0.000
  0.000
  0.919
  1.816
  1.795
  0.887
  2.629
  2.598
  1.712
  0.846
  2.509
  0.000
  0.000
  0.000
  0.000
  0.790
  0.000
  0.000
  0.000
  0.756
  1.495
  0.740
  0.732
  0.000
  0.716
  0.000
  0.000
  0.000
  0.000
  0.679
  0.000
  1.331
  0.000
  0.000
  0.000
  0.639
  0.000
  0.626
  1.240
  1.842
  1.216
  0.602
  1.192
  1.771
  0.585
  0.579
  0.574
  0.000
  1.688
  1.673
  2.209
  1.642
  0.000
  1.611
  2.129
  2.109
  3.135
  1.036
  1.026
  2.034
  1.008
  0.999
  0.990
  0.491
  0.486
  1.447
  0.478
  1.422
  1.879
  1.863
  0.924
  0.916
  0.908
  0.900
  2.232
  0.443
  1.317
  1.306
  0.000
  0.856
  1.698
  0.842
  1.253
  0.829
  0.411
  0.408
  1.618
  0.401
  0.398
  0.790
  0.000
  0.000
  0.771
  0.1965592E+03  0.1965592E+03
  0.000
  0.000
  0.000
  0.000
  0.000
  0.000
  0.000
  0.000
  0.000
  0.000
  0.000
  0.000
  0.000
  0.000
  0.000
  0.000
  0.000
328.744
  0.000
  0.000
  0.000
  0.000
  0.000
  0.000
  0.000
  0.000
  0.000
 66.575
 61.985
 57.854
  0.000
  0.000
  0.000
  0.000
  0.000
  0.000
  0.000
  0.000
  0.000
  0.000
  0.000
  0.000
  0.000
  0.000
  0.000
  0.000
  0.000
  0.000
  0.000
  0.000
  0.000
  0.000
  0.000
  0.000
  0.000
  0.000
  0.000
  0.000
  0.000
  0.000
  0.000
  0.000
  0.000
  0.000
  0.000
  0.000
  0.000
  0.000
  0.000
  0.000
  0.000
  0.000
  0.000
  0.000
  0.000
  0.000
  0.000
  0.000
  0.000
  0.000
  0.000
  0.000
  0.000
  0.000
  0.000
  0.000
  0.000
  0.000
  0.000
  0.000
  0.000
  0.000
  0.000
  0.000
  0.000
  0.000
  0.000
  0.000
  0.000
  0.000
  0.000
  0.000
  0.000
  0.000
  0.000
  0.000
  0.000
  0.000
  0.000
  0.000
  0.000
  0.000
  0.000
  0.000
  0.000
  0.000
  0.000
  0.000
  0.000
  0.000
  0.000
  0.000
  0.000
  0.000
  0.000
  0.000
  0.000
  0.000
  0.000
  1.501
  0.000
  1.456
  0.000
  0.000
  1.392
  0.000
  1.351
  0.000
  0.000
  1.294
  0.000
  3.772
  1.240
  1.223
  3.617
  1.189
  1.173
  1.157
  2.283
  1.126
  0.000
  0.000
  0.000
  0.000
  3.164
  0.000
  4.112
  1.015
  1.002
  1.979
  0.977
  2.896
  0.953
  0.000
  0.000
  2.758
  0.908
  1.795
  0.887
  2.629
  3.464
  0.000
  1.692
  0.836
  0.827
  0.000
  0.000
  0.000
  0.790
  0.000
  0.773
  0.000
  0.000
  2.243
  0.740
  0.000
  0.724
  0.000
  0.000
  0.000
  0.000
  0.000
  0.679
  0.000
  0.000
  0.659
  0.652
  0.645
  0.000
  0.000
  0.626
  0.620
  1.842
  1.824
  0.000
  1.789
  1.181
  1.169
  0.000
  1.147
  0.568
  1.126
  1.115
  1.657
  2.189
  0.542
  2.149
  1.597
  2.109
  3.135
  2.071
  0.513
  0.509
  1.008
  2.498
  0.495
  0.981
  0.486
  0.964
  1.434
  2.369
  0.470
  1.397
  1.385
  0.916
  1.362
  0.450
  1.785
  1.328
  0.439
  1.306
  0.432
  1.712
  0.849
  0.421
  1.253
  1.243
  0.000
  0.815
  0.404
  1.204
  1.194
  0.000
  0.000
  0.389
  0.000
  0.1918407E+03  0.1918407E+03
  0.000
  0.000
  0.000
  0.000
  0.000
  0.000
  0.000
  0.000
  0.000
  0.000
  0.000
  0.000
  0.000
  0.000
  0.000
  0.000
184.893
164.372
  0.000
  0.000
  0.000
  0.000
  0.000
  0.000
  0.000
  0.000
  0.000
166.437
 30.993
  0.000
  0.000
  0.000
  0.000
  0.000
  0.000
  0.000
  0.000
  0.000
  0.000
  0.000
  0.000
  0.000
  0.000
  0.000
  0.000
  0.000
  0.000
  0.000
  0.000
  0.000
  0.000
  0.000
  0.000
  0.000
  0.000
  0.000
  0.000
  0.000
  0.000
  0.000
  0.000
  0.000
  0.000
  0.000
  0.000
  0.000
  0.000
  0.000
  0.000
  0.000
  0.000
  0.000
  0.000
  0.000
  0.000
  0.000
  0.000
  0.000
  0.000
  0.000
  0.000
  0.000
  0.000
  0.000
  0.000
  0.000
  0.000
  0.000
  0.000
  0.000
  0.000
  0.000
  0.000
  0.000
  0.000
  0.000
  0.000
  0.000
  0.000
  0.000
  0.000
  0.000
  0.000
  0.000
  0.000
  0.000
  0.000
  0.000
  0.000
  0.000
  0.000
  0.000
  0.000
  0.000
  0.000
  0.000
  0.000
  0.000
  0.000
  0.000
  0.000
  0.000
  0.000
  0.000
  0.000
  0.000
  0.000
  0.000
  0.000
  1.501
  0.000
  0.000
  1.434
  0.000
  0.000
  1.371
  0.000
  1.332
  0.000
  1.294
  1.275
  1.257
  2.480
  1.223
  3.617
  0.000
  2.346
  0.000
  2.283
  2.253
  0.000
  0.000
  0.000
  1.068
  2.109
  1.041
  3.084
  1.015
  1.002
  1.979
  0.000
  3.861
  0.953
  0.000
  0.000
  1.838
  1.816
  1.795
  2.660
  0.876
  2.598
  1.712
  1.692
  0.000
  0.000
  0.817
  0.000
  0.000
  0.790
  0.000
  0.773
  0.000
  1.512
  0.748
  0.740
  0.000
  0.724
  0.000
  0.000
  0.000
  0.000
  0.000
  0.679
  0.000
  0.000
  0.000
  0.652
  0.645
  0.639
  0.633
  0.000
  0.000
  0.614
  3.648
  0.602
  1.192
  0.000
  1.169
  1.158
  1.147
  0.568
  1.126
  1.673
  0.552
  1.094
  2.711
  1.074
  2.129
  1.582
  2.613
  3.107
  0.513
  0.000
  1.512
  1.998
  1.485
  0.491
  0.486
  0.964
  2.390
  1.422
  0.470
  1.397
  1.847
  0.458
  1.816
  0.450
  1.339
  0.885
  0.439
  1.741
  1.295
  1.712
  0.000
  0.842
  0.835
  1.243
  0.411
  0.408
  0.404
  1.605
  0.398
  0.395
  0.000
  0.389
  0.386
  0.2852838E+03  0.2852838E+03
  0.000
  0.000
  0.000
  0.000
  0.000
  0.000
  0.000
  0.000
  0.000
  0.000
  0.000
  0.000
  0.000
  0.000
  0.000
  0.000
  0.000
246.558
 73.543
  0.000
  0.000
  0.000
  0.000
  0.000
  0.000
  0.000
  0.000
  0.000
185.956
  0.000
  0.000
  0.000
  0.000
  0.000
  0.000
  0.000
  0.000
  0.000
  0.000
  0.000
  0.000
  0.000
  0.000
  0.000
  0.000
  0.000
  0.000
  0.000
  0.000
  0.000
  0.000
  0.000
  0.000
  0.000
  0.000
  0.000
  0.000
  0.000
  0.000
  0.000
  0.000
  0.000
  0.000
  0.000
  0.000
  0.000
  0.000
  0.000
  0.000
  0.000
  0.000
  0.000
  0.000
  0.000
  0.000
  0.000
  0.000
  0.000
  0.000
  0.000
  0.000
  0.000
  0.000
  0.000
  0.000
  0.000
  0.000
  0.000
  0.000
  0.000
  0.000
  0.000
  0.000
  0.000
  0.000
  0.000
  0.000
  0.000
  0.000
  0.000
  0.000
  0.000
  0.000
  0.000
  0.000
  0.000
  0.000
  0.000
  0.000
  0.000
  0.000
  0.000
  0.000
  0.000
  0.000
  0.000
  0.000
  0.000
  0.000
  0.000
  0.000
  0.000
  0.000
  0.000
  0.000
  0.000
  0.000
  1.549
  0.000
  0.000
  0.000
  0.000
  1.434
  0.000
  0.000
  1.371
  1.351
  0.000
  0.000
  2.587
  1.275
  0.000
  1.240
  2.445
  2.411
  2.378
  1.173
  1.157
  2.283
  1.126
  0.000
  0.000
  0.000
  1.068
  2.109
  2.082
  2.056
  2.030
  0.000
  1.979
  0.977
  2.896
  0.953
  0.000
  0.930
  0.919
  0.908
  0.000
  3.547
  1.753
  2.598
  1.712
  0.846
  1.673
  0.000
  0.000
  0.808
  0.799
  0.000
  0.000
  0.773
  0.764
  0.756
  0.000
  0.740
  0.732
  0.000
  0.716
  0.000
  0.000
  0.000
  0.000
  0.679
  0.000
  0.000
  0.000
  0.652
  0.645
  1.278
  0.000
  0.000
  0.000
  4.298
  0.608
  0.000
  1.192
  0.590
  0.585
  1.158
  1.147
  1.136
  1.126
  1.115
  0.552
  1.094
  3.253
  1.074
  1.064
  2.637
  3.135
  1.553
  0.513
  1.017
  0.504
  1.998
  1.485
  1.472
  0.486
  0.482
  2.390
  0.948
  1.409
  0.931
  0.924
  0.916
  1.362
  1.350
  0.446
  1.770
  0.439
  1.306
  1.295
  1.712
  0.849
  0.000
  1.253
  0.414
  0.411
  1.223
  0.809
  1.204
  0.796
  0.000
  0.392
  0.000
  0.386
  0.2060587E+03  0.2060587E+03
  0.000
  0.000
  0.000
  0.000
  0.000
  0.000
  0.000
  0.000
  0.000
  0.000
  0.000
  0.000
  0.000
  0.000
  0.000
  0.000
  0.000
246.558
 73.543
  0.000
  0.000
  0.000
  0.000
  0.000
  0.000
  0.000
  0.000
  0.000
 92.978
 57.854
 27.062
  0.000
  0.000
  0.000
  0.000
  0.000
  0.000
  0.000
  0.000
  0.000
  0.000
  0.000
  0.000
  0.000
  0.000
  0.000
  0.000
  0.000
  0.000
  0.000
  0.000
  0.000
  0.000
  0.000
  0.000
  0.000
  0.000
  0.000
  0.000
  0.000
  0.000
  0.000
  0.000
  0.000
  0.000
  0.000
  0.000
  0.000
  0.000
  0.000
  0.000
  0.000
  0.000
  0.000
  0.000
  0.000
  0.000
  0.000
  0.000
  0.000
  0.000
  0.000
  0.000
  0.000
  0.000
  0.000
  0.000
  0.000
  0.000
  0.000
  0.000
  0.000
  0.000
  0.000
  0.000
  0.000
  0.000
  0.000
  0.000
  0.000
  0.000
  0.000
  0.000
  0.000
  0.000
  0.000
  0.000
  0.000
  0.000
  0.000
  0.000
  0.000
  0.000
  0.000
  0.000
  0.000
  0.000
  0.000
  0.000
  0.000
  0.000
  0.000
  0.000
  0.000
  0.000
  0.000
  1.573
  0.000
  0.000
  0.000
  0.000
  0.000
  1.434
  0.000
  0.000
  1.371
  1.351
  0.000
  1.312
  1.294
  1.275
  0.000
  1.240
  3.668
  3.617
  0.000
  2.346
  1.157
  0.000
  2.253
  0.000
  0.000
  1.083
  1.068
  1.055
  2.082
  2.056
  2.030
  1.002
  0.990
  0.000
  2.896
  1.907
  0.942
  0.000
  0.919
  0.908
  0.000
  1.773
  3.505
  0.000
  3.424
  1.692
  0.836
  0.827
  0.817
  0.000
  0.000
  0.790
  0.000
  0.773
  0.764
  0.756
  0.000
  0.000
  0.732
  0.724
  0.000
  0.709
  0.000
  0.000
  0.000
  0.679
  0.000
  0.000
  0.659
  0.652
  0.000
  1.278
  0.000
  1.253
  1.860
  1.228
  0.608
  1.204
  0.000
  1.181
  0.585
  0.579
  1.721
  1.136
  0.000
  1.115
  1.657
  1.642
  1.084
  2.149
  1.597
  2.637
  1.568
  1.036
  2.566
  1.017
  0.000
  0.500
  2.476
  1.963
  0.486
  0.482
  2.390
  0.948
  1.409
  0.931
  1.385
  0.000
  1.816
  1.800
  0.000
  0.443
  1.756
  0.435
  0.863
  2.141
  1.274
  0.421
  0.835
  1.243
  0.000
  0.408
  1.213
  2.407
  0.000
  0.395
  0.000
  0.000
  0.386
  0.2228233E+03  0.2228233E+03
  0.000
  0.000
  0.000
  0.000
  0.000
  0.000
  0.000
  0.000
  0.000
  0.000
  0.000
  0.000
  0.000
  0.000
  0.000
  0.000
  0.000
246.558
 73.543
  0.000
  0.000
  0.000
  0.000
  0.000
  0.000
  0.000
  0.000
 33.287
 92.978
 28.927
 27.062
  0.000
  0.000
  0.000
  0.000
  0.000
  0.000
  0.000
  0.000
  0.000
  0.000
  0.000
  0.000
  0.000
  0.000
  0.000
  0.000
  0.000
  0.000
  0.000
  0.000
  0.000
  0.000
  0.000
  0.000
  0.000
  0.000
  0.000
  0.000
  0.000
  0.000
  0.000
  0.000
  0.000
  0.000
  0.000
  0.000
  0.000
  0.000
  0.000
  0.000
  0.000
  0.000
  0.000
  0.000
  0.000
  0.000
  0.000
  0.000
  0.000
  0.000
  0.000
  0.000
  0.000
  0.000
  0.000
  0.000
  0.000
  0.000
  0.000
  0.000
  0.000
  0.000
  0.000
  0.000
  0.000
  0.000
  0.000
  0.000
  0.000
  0.000
  0.000
  0.000
  0.000
  0.000
  0.000
  0.000
  0.000
  0.000
  0.000
  0.000
  0.000
  0.000
  0.000
  0.000
  0.000
  0.000
  0.000
  0.000
  0.000
  0.000
  0.000
  0.000
  0.000
  0.000
  0.000
  0.000
  1.549
  0.000
  0.000
  0.000
  0.000
  1.434
  0.000
  1.392
  0.000
  1.351
  0.000
  1.312
  0.000
  2.551
  0.000
  0.000
  4.890
  1.206
  3.568
  1.173
  0.000
  1.142
  1.126
  1.112
  1.097
  1.083
  0.000
  2.109
  1.041
  3.084
  2.030
  0.000
  0.990
  0.977
  1.931
  1.907
  0.942
  0.000
  0.919
  0.000
  0.897
  1.773
  2.629
  0.866
  2.568
  2.538
  0.836
  0.000
  1.635
  0.000
  0.000
  0.790
  1.563
  0.000
  0.000
  0.756
  0.000
  0.740
  0.000
  0.724
  0.000
  0.709
  0.000
  0.000
  0.000
  0.000
  0.672
  0.000
  0.000
  1.304
  0.000
  0.639
  0.633
  0.626
  1.860
  2.456
  0.000
  1.204
  0.596
  0.590
  0.000
  1.737
  0.000
  1.136
  1.126
  0.558
  1.657
  2.736
  0.542
  1.611
  2.661
  2.109
  0.523
  1.553
  2.566
  1.017
  1.008
  0.000
  1.980
  2.944
  0.486
  0.964
  2.868
  0.474
  0.470
  1.397
  0.924
  0.458
  1.816
  0.900
  0.446
  1.328
  0.878
  0.871
  0.432
  1.284
  1.698
  0.842
  0.835
  0.829
  0.822
  0.000
  2.022
  1.605
  0.000
  0.395
  0.000
  0.000
  0.386
  0.1165060E+03  0.1165060E+03
  0.000
  0.000
  0.000
  0.000
  0.000
  0.000
  0.000
  0.000
  0.000
  0.000
  0.000
  0.000
  0.000
  0.000
  0.000
  0.000
184.893
164.372
  0.000
  0.000
  0.000
  0.000
  0.000
  0.000
  0.000
  0.000
  0.000
 99.862
 61.985
 28.927
  0.000
  0.000
  0.000
  0.000
  0.000
  0.000
  0.000
  0.000
  0.000
  0.000
  0.000
  0.000
  0.000
  0.000
  0.000
  0.000
  0.000
  0.000
  0.000
  0.000
  0.000
  0.000
  0.000
  0.000
  0.000
  0.000
  0.000
  0.000
  0.000
  0.000
  0.000
  0.000
  0.000
  0.000
  0.000
  0.000
  0.000
  0.000
  0.000
  0.000
  0.000
  0.000
  0.000
  0.000
  0.000
  0.000
  0.000
  0.000
  0.000
  0.000
  0.000
  0.000
  0.000
  0.000
  0.000
  0.000
  0.000
  0.000
  0.000
  0.000
  0.000
  0.000
  0.000
  0.000
  0.000
  0.000
  0.000
  0.000
  0.000
  0.000
  0.000
  0.000
  0.000
  0.000
  0.000
  0.000
  0.000
  0.000
  0.000
  0.000
  0.000
  0.000
  0.000
  0.000
  0.000
  0.000
  0.000
  0.000
  0.000
  0.000
  0.000
  0.000
  0.000
  0.000
  0.000
  0.000
  0.000
  0.000
  0.000
  1.501
  0.000
  0.000
  0.000
  1.413
  1.392
  0.000
  1.351
  0.000
  0.000
  1.294
  1.275
  1.257
  0.000
  2.445
  2.411
  3.568
  1.173
  1.157
  0.000
  2.253
  0.000
  2.194
  1.083
  1.068
  1.055
  2.082
  1.028
  3.045
  0.000
  1.979
  0.000
  1.931
  1.907
  0.942
  0.000
  0.919
  0.000
  2.692
  2.660
  0.000
  2.598
  1.712
  1.692
  0.000
  2.480
  0.000
  0.000
  0.000
  0.790
  1.563
  0.000
  0.764
  0.756
  0.000
  0.000
  0.732
  0.000
  0.000
  0.709
  0.000
  0.000
  0.000
  0.000
  0.000
  0.666
  0.000
  0.652
  0.645
  0.639
  0.633
  0.000
  1.240
  1.842
  2.432
  0.602
  0.000
  0.590
  0.585
  1.737
  0.000
  0.568
  1.126
  1.115
  1.105
  3.283
  0.000
  3.223
  1.597
  1.055
  2.090
  1.036
  2.053
  1.017
  1.008
  0.999
  1.485
  2.454
  0.973
  2.411
  0.956
  0.948
  0.470
  1.397
  0.924
  0.916
  1.816
  0.450
  1.785
  0.443
  1.317
  0.435
  0.432
  1.284
  1.698
  0.842
  0.835
  0.414
  0.822
  1.223
  0.809
  1.204
  0.398
  0.395
  0.000
  0.000
  0.000
