   1   5   1   0  0.2147064E+03  0.5000000E+02
  CAR 
 unknown system                          
   0   0   0
   1   1
 256 256 256
 256
  0.1000000E-09
  0.6250000E-11
  10
  0.2000000E-14  0.1023121E-08  0.1022242E-08  0.1026892E-08
  0.6037210E+02  0.6037210E+02
  0.000
  0.000
  0.000
  0.000
  0.000
  0.000
  0.000
  0.000
  0.000
  0.000
  0.000
  0.000
  0.000
  0.000
  0.000
  0.000
  0.000
182.764
163.544
  0.000
  0.000
  0.000
  0.000
  0.000
  0.000
  0.000
  0.000
  0.000
 34.460
160.820
  0.000
  0.000
  0.000
  0.000
  0.000
  0.000
  0.000
  0.000
  0.000
  0.000
  0.000
  0.000
  0.000
  0.000
  0.000
  0.000
  0.000
  0.000
  0.000
  0.000
  0.000
  0.000
  0.000
  0.000
  0.000
  0.000
  0.000
  0.000
  0.000
  0.000
  0.000
  0.000
  0.000
  0.000
  0.000
  0.000
  0.000
  0.000
  0.000
  0.000
  0.000
  0.000
  0.000
  0.000
  0.000
  0.000
  0.000
  0.000
  0.000
  0.000
  0.000
  0.000
  0.000
  0.000
  0.000
  0.000
  0.000
  0.000
  0.000
  0.000
  0.000
  0.000
  0.000
  0.000
  0.000
  0.000
  0.000
  0.000
  0.000
  0.000
  0.000
  0.000
  0.000
  0.000
  0.000
  0.000
  0.000
  0.000
  0.000
  0.000
  0.000
  0.000
  0.000
  0.000
  0.000
  0.000
  0.000
  0.000
  0.000
  0.000
  0.000
  0.000
  0.000
  0.000
  0.000
  0.000
  0.000
  0.000
  0.000
  0.000
  0.000
  0.000
  0.000
  0.000
  0.000
  1.525
  0.000
  0.000
  2.919
  1.438
  0.000
  1.398
  0.000
  1.359
  0.000
  0.000
  1.304
  1.287
  0.000
  2.505
  1.236
  2.439
  0.000
  1.188
  3.518
  1.158
  2.286
  0.000
  0.000
  1.100
  1.087
  0.000
  2.120
  2.094
  1.034
  4.088
  2.020
  1.996
  1.972
  1.949
  0.963
  0.000
  1.882
  0.930
  0.000
  0.909
  0.000
  0.888
  1.757
  1.738
  1.718
  1.700
  0.840
  0.000
  0.000
  0.000
  0.805
  0.796
  0.788
  0.000
  1.543
  0.000
  0.000
  0.748
  0.000
  0.000
  0.000
  0.000
  0.000
  0.000
  0.000
  0.000
  0.000
  1.352
  0.669
  1.326
  0.000
  1.300
  0.644
  0.000
  0.632
  0.000
  0.620
  0.614
  2.434
  3.617
  2.389
  0.000
  1.173
  0.000
  2.303
  1.141
  1.131
  1.681
  1.666
  0.551
  0.546
  2.163
  1.608
  2.126
  0.527
  1.567
  1.036
  0.513
  1.018
  2.524
  0.500
  1.985
  1.476
  0.976
  1.452
  0.480
  0.476
  3.305
  1.873
  0.929
  0.461
  0.457
  1.813
  0.899
  0.000
  0.885
  1.756
  0.000
  2.593
  0.429
  0.9362733E+02  0.9362733E+02
  0.000
  0.000
  0.000
  0.000
  0.000
  0.000
  0.000
  0.000
  0.000
  0.000
  0.000
  0.000
  0.000
  0.000
  0.000
  0.000
  0.000
365.528
  0.000
  0.000
  0.000
  0.000
  0.000
  0.000
  0.000
  0.000
  0.000
  0.000
103.381
 96.492
  0.000
  0.000
  0.000
  0.000
  0.000
  0.000
  0.000
  0.000
  0.000
  0.000
  0.000
  0.000
  0.000
  0.000
  0.000
  0.000
  0.000
  0.000
  0.000
  0.000
  0.000
  0.000
  0.000
  0.000
  0.000
  0.000
  0.000
  0.000
  0.000
  0.000
  0.000
  0.000
  0.000
  0.000
  0.000
  0.000
  0.000
  0.000
  0.000
  0.000
  0.000
  0.000
  0.000
  0.000
  0.000
  0.000
  0.000
  0.000
  0.000
  0.000
  0.000
  0.000
  0.000
  0.000
  0.000
  0.000
  0.000
  0.000
  0.000
  0.000
  0.000
  0.000
  0.000
  0.000
  0.000
  0.000
  0.000
  0.000
  0.000
  0.000
  0.000
  0.000
  0.000
  0.000
  0.000
  0.000
  0.000
  0.000
  0.000
  0.000
  0.000
  0.000
  0.000
  0.000
  0.000
  0.000
  0.000
  0.000
  0.000
  0.000
  0.000
  0.000
  0.000
  0.000
  0.000
  0.000
  0.000
  0.000
  0.000
  0.000
  0.000
  0.000
  0.000
  0.000
  0.000
  0.000
  1.502
  0.000
  2.919
  0.000
  1.418
  1.398
  0.000
  1.359
  0.000
  0.000
  1.304
  1.287
  0.000
  2.505
  0.000
  3.659
  0.000
  2.376
  2.345
  0.000
  3.429
  0.000
  0.000
  1.100
  1.087
  0.000
  2.120
  3.142
  1.034
  3.066
  2.020
  0.998
  3.944
  1.949
  0.000
  0.000
  1.882
  0.000
  0.919
  0.909
  0.000
  1.777
  0.879
  3.475
  0.859
  0.850
  0.840
  0.000
  0.000
  0.000
  0.805
  0.796
  0.788
  0.780
  0.771
  0.000
  0.755
  0.000
  0.000
  0.000
  0.000
  0.000
  0.000
  0.000
  0.000
  0.000
  0.000
  0.676
  2.008
  0.000
  0.656
  0.650
  0.644
  0.638
  0.632
  0.000
  0.000
  1.228
  1.825
  3.014
  2.389
  1.183
  1.173
  0.000
  0.576
  2.282
  1.696
  1.681
  2.222
  0.000
  1.091
  1.623
  2.145
  1.063
  1.581
  1.045
  0.518
  1.027
  1.527
  2.019
  0.500
  2.481
  1.476
  0.488
  1.452
  0.480
  0.952
  3.777
  1.405
  0.464
  0.000
  1.371
  1.813
  0.450
  0.446
  1.328
  0.878
  0.871
  2.161
  0.000
  0.7487079E+02  0.7487079E+02
  0.000
  0.000
  0.000
  0.000
  0.000
  0.000
  0.000
  0.000
  0.000
  0.000
  0.000
  0.000
  0.000
  0.000
  0.000
  0.000
  0.000
365.528
  0.000
  0.000
  0.000
  0.000
  0.000
  0.000
  0.000
  0.000
  0.000
 74.024
103.381
 32.164
  0.000
  0.000
  0.000
  0.000
  0.000
  0.000
  0.000
  0.000
  0.000
  0.000
  0.000
  0.000
  0.000
  0.000
  0.000
  0.000
  0.000
  0.000
  0.000
  0.000
  0.000
  0.000
  0.000
  0.000
  0.000
  0.000
  0.000
  0.000
  0.000
  0.000
  0.000
  0.000
  0.000
  0.000
  0.000
  0.000
  0.000
  0.000
  0.000
  0.000
  0.000
  0.000
  0.000
  0.000
  0.000
  0.000
  0.000
  0.000
  0.000
  0.000
  0.000
  0.000
  0.000
  0.000
  0.000
  0.000
  0.000
  0.000
  0.000
  0.000
  0.000
  0.000
  0.000
  0.000
  0.000
  0.000
  0.000
  0.000
  0.000
  0.000
  0.000
  0.000
  0.000
  0.000
  0.000
  0.000
  0.000
  0.000
  0.000
  0.000
  0.000
  0.000
  0.000
  0.000
  0.000
  0.000
  0.000
  0.000
  0.000
  0.000
  0.000
  0.000
  0.000
  0.000
  0.000
  0.000
  0.000
  0.000
  0.000
  0.000
  0.000
  0.000
  0.000
  0.000
  0.000
  0.000
  0.000
  1.481
  1.459
  1.438
  1.418
  0.000
  1.379
  1.359
  0.000
  0.000
  1.304
  0.000
  1.269
  0.000
  2.472
  2.439
  1.204
  3.564
  0.000
  2.315
  2.286
  0.000
  0.000
  1.100
  1.087
  0.000
  2.120
  3.142
  1.034
  3.066
  3.029
  0.000
  3.944
  1.949
  0.000
  0.000
  1.882
  0.000
  0.919
  0.909
  0.000
  2.665
  1.757
  1.738
  0.859
  1.700
  0.000
  0.000
  0.000
  0.000
  0.805
  1.593
  0.000
  0.780
  0.771
  0.763
  0.000
  0.000
  0.000
  0.000
  0.000
  0.000
  0.000
  0.000
  0.000
  0.000
  0.000
  0.000
  1.339
  1.326
  0.656
  0.650
  0.644
  0.000
  0.632
  0.626
  0.000
  1.228
  1.217
  3.617
  1.194
  2.367
  1.173
  0.000
  1.152
  1.712
  1.696
  1.681
  1.111
  1.101
  0.546
  1.623
  2.145
  1.594
  1.054
  1.567
  0.518
  1.027
  1.527
  2.019
  1.501
  1.489
  1.476
  0.488
  1.452
  0.480
  1.428
  4.249
  0.937
  0.000
  0.461
  2.285
  0.453
  0.450
  1.338
  0.443
  0.878
  1.742
  1.297
  0.000
  0.9502770E+02  0.9502770E+02
  0.000
  0.000
  0.000
  0.000
  0.000
  0.000
  0.000
  0.000
  0.000
  0.000
  0.000
  0.000
  0.000
  0.000
  0.000
  0.000
102.791
274.146
  0.000
  0.000
  0.000
  0.000
  0.000
  0.000
  0.000
  0.000
  0.000
 74.024
103.381
 32.164
  0.000
  0.000
  0.000
  0.000
  0.000
  0.000
  0.000
  0.000
  0.000
  0.000
  0.000
  0.000
  0.000
  0.000
  0.000
  0.000
  0.000
  0.000
  0.000
  0.000
  0.000
  0.000
  0.000
  0.000
  0.000
  0.000
  0.000
  0.000
  0.000
  0.000
  0.000
  0.000
  0.000
  0.000
  0.000
  0.000
  0.000
  0.000
  0.000
  0.000
  0.000
  0.000
  0.000
  0.000
  0.000
  0.000
  0.000
  0.000
  0.000
  0.000
  0.000
  0.000
  0.000
  0.000
  0.000
  0.000
  0.000
  0.000
  0.000
  0.000
  0.000
  0.000
  0.000
  0.000
  0.000
  0.000
  0.000
  0.000
  0.000
  0.000
  0.000
  0.000
  0.000
  0.000
  0.000
  0.000
  0.000
  0.000
  0.000
  0.000
  0.000
  0.000
  0.000
  0.000
  0.000
  0.000
  0.000
  0.000
  0.000
  0.000
  0.000
  0.000
  0.000
  0.000
  0.000
  0.000
  0.000
  0.000
  0.000
  0.000
  0.000
  0.000
  0.000
  0.000
  0.000
  0.000
  1.502
  1.481
  0.000
  1.438
  1.418
  0.000
  0.000
  1.359
  1.341
  0.000
  0.000
  1.287
  1.269
  1.252
  1.236
  1.220
  3.611
  1.188
  2.345
  1.158
  2.286
  0.000
  0.000
  1.100
  1.087
  0.000
  2.120
  2.094
  1.034
  4.088
  3.029
  0.998
  2.958
  1.949
  0.000
  0.000
  1.882
  0.000
  0.919
  0.000
  0.899
  1.777
  2.636
  1.738
  0.859
  1.700
  0.000
  0.000
  0.000
  0.814
  0.805
  0.000
  1.576
  0.000
  0.771
  0.763
  0.000
  0.000
  0.000
  0.000
  0.000
  0.000
  0.000
  0.000
  0.000
  0.000
  0.000
  0.000
  2.008
  0.000
  0.656
  1.300
  0.000
  1.276
  0.632
  0.000
  0.000
  1.228
  1.217
  4.219
  0.597
  2.367
  1.173
  0.000
  1.152
  1.141
  1.696
  1.121
  2.777
  0.551
  0.000
  2.163
  1.072
  2.657
  1.054
  1.567
  0.518
  1.540
  1.527
  1.514
  1.501
  0.993
  1.969
  0.488
  1.936
  0.480
  2.856
  1.416
  1.873
  0.000
  0.921
  0.914
  1.360
  0.000
  1.784
  0.443
  1.317
  1.742
  0.864
  0.000
  0.7539521E+02  0.7539521E+02
  0.000
  0.000
  0.000
  0.000
  0.000
  0.000
  0.000
  0.000
  0.000
  0.000
  0.000
  0.000
  0.000
  0.000
  0.000
  0.000
102.791
182.764
 81.772
  0.000
  0.000
  0.000
  0.000
  0.000
  0.000
  0.000
  0.000
  0.000
137.842
 64.328
  0.000
  0.000
  0.000
  0.000
  0.000
  0.000
  0.000
  0.000
  0.000
  0.000
  0.000
  0.000
  0.000
  0.000
  0.000
  0.000
  0.000
  0.000
  0.000
  0.000
  0.000
  0.000
  0.000
  0.000
  0.000
  0.000
  0.000
  0.000
  0.000
  0.000
  0.000
  0.000
  0.000
  0.000
  0.000
  0.000
  0.000
  0.000
  0.000
  0.000
  0.000
  0.000
  0.000
  0.000
  0.000
  0.000
  0.000
  0.000
  0.000
  0.000
  0.000
  0.000
  0.000
  0.000
  0.000
  0.000
  0.000
  0.000
  0.000
  0.000
  0.000
  0.000
  0.000
  0.000
  0.000
  0.000
  0.000
  0.000
  0.000
  0.000
  0.000
  0.000
  0.000
  0.000
  0.000
  0.000
  0.000
  0.000
  0.000
  0.000
  0.000
  0.000
  0.000
  0.000
  0.000
  0.000
  0.000
  0.000
  0.000
  0.000
  0.000
  0.000
  0.000
  0.000
  0.000
  0.000
  0.000
  0.000
  0.000
  0.000
  0.000
  0.000
  0.000
  0.000
  0.000
  0.000
  1.502
  1.481
  0.000
  2.877
  0.000
  0.000
  0.000
  1.359
  1.341
  0.000
  0.000
  2.573
  1.269
  1.252
  1.236
  1.220
  2.407
  1.188
  2.345
  2.315
  1.143
  0.000
  0.000
  1.100
  1.087
  0.000
  2.120
  2.094
  2.069
  2.044
  3.029
  1.996
  1.972
  1.949
  0.963
  0.000
  1.882
  0.000
  0.000
  0.909
  0.899
  1.777
  1.757
  1.738
  1.718
  0.000
  1.681
  0.000
  0.000
  0.814
  0.805
  0.000
  1.576
  0.000
  0.771
  0.000
  0.755
  0.000
  0.000
  0.000
  0.000
  0.000
  0.000
  0.000
  0.000
  0.000
  0.000
  0.676
  1.339
  0.000
  1.313
  0.650
  0.644
  0.638
  0.632
  0.000
  0.000
  2.457
  1.217
  2.411
  2.389
  1.183
  1.173
  0.000
  2.303
  0.571
  1.131
  1.681
  2.222
  0.551
  0.000
  1.623
  2.145
  2.126
  1.054
  1.567
  1.036
  1.540
  1.527
  0.505
  1.001
  1.985
  1.969
  0.488
  1.936
  0.480
  2.380
  0.944
  1.873
  0.929
  0.921
  0.914
  0.907
  0.899
  0.446
  1.328
  1.317
  0.871
  1.297
  0.429
  0.1764298E+03  0.1764298E+03
  0.000
  0.000
  0.000
  0.000
  0.000
  0.000
  0.000
  0.000
  0.000
  0.000
  0.000
  0.000
  0.000
  0.000
  0.000
  0.000
  0.000
274.146
 81.772
  0.000
  0.000
  0.000
  0.000
  0.000
  0.000
  0.000
  0.000
  0.000
103.381
 96.492
  0.000
  0.000
  0.000
  0.000
  0.000
  0.000
  0.000
  0.000
  0.000
  0.000
  0.000
  0.000
  0.000
  0.000
  0.000
  0.000
  0.000
  0.000
  0.000
  0.000
  0.000
  0.000
  0.000
  0.000
  0.000
  0.000
  0.000
  0.000
  0.000
  0.000
  0.000
  0.000
  0.000
  0.000
  0.000
  0.000
  0.000
  0.000
  0.000
  0.000
  0.000
  0.000
  0.000
  0.000
  0.000
  0.000
  0.000
  0.000
  0.000
  0.000
  0.000
  0.000
  0.000
  0.000
  0.000
  0.000
  0.000
  0.000
  0.000
  0.000
  0.000
  0.000
  0.000
  0.000
  0.000
  0.000
  0.000
  0.000
  0.000
  0.000
  0.000
  0.000
  0.000
  0.000
  0.000
  0.000
  0.000
  0.000
  0.000
  0.000
  0.000
  0.000
  0.000
  0.000
  0.000
  0.000
  0.000
  0.000
  0.000
  0.000
  0.000
  0.000
  0.000
  0.000
  0.000
  0.000
  0.000
  0.000
  0.000
  0.000
  0.000
  0.000
  0.000
  0.000
  0.000
  0.000
  1.502
  1.481
  1.459
  0.000
  1.418
  0.000
  1.379
  1.359
  0.000
  0.000
  1.304
  1.287
  0.000
  2.505
  1.236
  2.439
  0.000
  2.376
  1.173
  2.315
  2.286
  0.000
  0.000
  1.100
  0.000
  2.147
  1.060
  2.094
  3.103
  1.022
  3.029
  1.996
  1.972
  1.949
  0.963
  0.000
  1.882
  0.000
  0.919
  0.909
  0.000
  1.777
  1.757
  2.606
  0.000
  1.700
  0.840
  0.000
  0.000
  0.000
  0.805
  0.796
  0.788
  0.000
  1.543
  0.000
  0.755
  0.000
  0.000
  0.000
  0.000
  0.000
  0.000
  0.000
  0.000
  0.000
  0.000
  0.676
  1.339
  1.326
  0.000
  0.650
  1.288
  0.000
  0.632
  0.000
  0.620
  1.228
  1.825
  2.411
  3.583
  0.000
  1.173
  0.000
  0.576
  2.853
  1.131
  1.681
  1.666
  0.551
  0.546
  2.163
  2.145
  1.063
  1.054
  1.567
  0.518
  1.027
  2.036
  1.009
  1.001
  1.985
  1.969
  0.488
  1.452
  0.480
  1.428
  2.833
  1.405
  0.929
  0.461
  0.914
  1.813
  0.450
  0.446
  1.328
  0.878
  0.000
  2.593
  0.429
  0.7970561E+02  0.7970561E+02
  0.000
  0.000
  0.000
  0.000
  0.000
  0.000
  0.000
  0.000
  0.000
  0.000
  0.000
  0.000
  0.000
  0.000
  0.000
  0.000
  0.000
274.146
 81.772
  0.000
  0.000
  0.000
  0.000
  0.000
  0.000
  0.000
  0.000
  0.000
103.381
 96.492
  0.000
  0.000
  0.000
  0.000
  0.000
  0.000
  0.000
  0.000
  0.000
  0.000
  0.000
  0.000
  0.000
  0.000
  0.000
  0.000
  0.000
  0.000
  0.000
  0.000
  0.000
  0.000
  0.000
  0.000
  0.000
  0.000
  0.000
  0.000
  0.000
  0.000
  0.000
  0.000
  0.000
  0.000
  0.000
  0.000
  0.000
  0.000
  0.000
  0.000
  0.000
  0.000
  0.000
  0.000
  0.000
  0.000
  0.000
  0.000
  0.000
  0.000
  0.000
  0.000
  0.000
  0.000
  0.000
  0.000
  0.000
  0.000
  0.000
  0.000
  0.000
  0.000
  0.000
  0.000
  0.000
  0.000
  0.000
  0.000
  0.000
  0.000
  0.000
  0.000
  0.000
  0.000
  0.000
  0.000
  0.000
  0.000
  0.000
  0.000
  0.000
  0.000
  0.000
  0.000
  0.000
  0.000
  0.000
  0.000
  0.000
  0.000
  0.000
  0.000
  0.000
  0.000
  0.000
  0.000
  0.000
  0.000
  0.000
  0.000
  0.000
  0.000
  0.000
  0.000
  0.000
  0.000
  1.502
  1.481
  1.459
  0.000
  0.000
  2.796
  0.000
  1.359
  0.000
  1.322
  0.000
  0.000
  1.269
  2.505
  1.236
  1.220
  1.204
  3.564
  0.000
  1.158
  3.429
  0.000
  0.000
  1.100
  1.087
  1.073
  2.120
  2.094
  1.034
  3.066
  2.020
  1.996
  1.972
  1.949
  0.000
  1.904
  0.941
  0.000
  0.919
  0.909
  0.000
  0.888
  1.757
  3.475
  0.000
  0.850
  1.681
  0.000
  0.000
  0.000
  0.805
  0.796
  0.788
  0.000
  0.771
  0.763
  0.755
  0.000
  0.000
  0.000
  0.000
  0.000
  0.000
  0.000
  0.000
  0.000
  0.000
  0.676
  1.339
  1.326
  0.000
  1.300
  0.644
  0.000
  0.632
  0.000
  0.620
  0.000
  3.650
  2.411
  1.792
  1.775
  0.586
  0.000
  0.576
  3.423
  1.131
  0.560
  2.222
  0.551
  1.091
  2.704
  1.072
  1.063
  1.581
  1.045
  0.518
  0.513
  3.054
  0.505
  1.001
  1.985
  1.969
  0.000
  1.936
  0.000
  2.380
  3.305
  0.468
  0.929
  0.461
  0.914
  1.813
  0.450
  0.446
  1.770
  0.439
  0.436
  0.864
  1.715
  0.5882950E+02  0.5882950E+02
  0.000
  0.000
  0.000
  0.000
  0.000
  0.000
  0.000
  0.000
  0.000
  0.000
  0.000
  0.000
  0.000
  0.000
  0.000
  0.000
  0.000
182.764
163.544
  0.000
  0.000
  0.000
  0.000
  0.000
  0.000
  0.000
  0.000
  0.000
 68.921
128.656
  0.000
  0.000
  0.000
  0.000
  0.000
  0.000
  0.000
  0.000
  0.000
  0.000
  0.000
  0.000
  0.000
  0.000
  0.000
  0.000
  0.000
  0.000
  0.000
  0.000
  0.000
  0.000
  0.000
  0.000
  0.000
  0.000
  0.000
  0.000
  0.000
  0.000
  0.000
  0.000
  0.000
  0.000
  0.000
  0.000
  0.000
  0.000
  0.000
  0.000
  0.000
  0.000
  0.000
  0.000
  0.000
  0.000
  0.000
  0.000
  0.000
  0.000
  0.000
  0.000
  0.000
  0.000
  0.000
  0.000
  0.000
  0.000
  0.000
  0.000
  0.000
  0.000
  0.000
  0.000
  0.000
  0.000
  0.000
  0.000
  0.000
  0.000
  0.000
  0.000
  0.000
  0.000
  0.000
  0.000
  0.000
  0.000
  0.000
  0.000
  0.000
  0.000
  0.000
  0.000
  0.000
  0.000
  0.000
  0.000
  0.000
  0.000
  0.000
  0.000
  0.000
  0.000
  0.000
  0.000
  0.000
  0.000
  0.000
  0.000
  0.000
  0.000
  0.000
  0.000
  1.547
  0.000
  0.000
  1.481
  1.459
  0.000
  0.000
  2.796
  0.000
  1.359
  0.000
  1.322
  0.000
  0.000
  3.808
  0.000
  1.236
  1.220
  1.204
  2.376
  1.173
  1.158
  3.429
  0.000
  0.000
  1.100
  0.000
  2.147
  2.120
  1.047
  2.069
  3.066
  2.020
  0.998
  2.958
  1.949
  0.963
  0.000
  1.882
  0.000
  0.919
  0.909
  0.000
  2.665
  1.757
  0.869
  0.859
  0.850
  0.840
  0.831
  0.000
  0.000
  0.805
  1.593
  0.000
  0.780
  0.771
  0.000
  0.000
  0.748
  0.000
  0.000
  0.000
  0.000
  0.000
  0.000
  0.000
  0.000
  0.000
  0.000
  2.677
  0.663
  0.656
  0.650
  0.644
  0.000
  0.632
  0.000
  0.620
  1.228
  1.217
  3.617
  1.792
  1.775
  0.586
  0.000
  1.727
  2.282
  1.131
  0.560
  1.666
  1.101
  0.546
  2.163
  2.145
  1.063
  1.581
  0.522
  1.036
  1.540
  1.527
  2.019
  0.000
  1.489
  1.476
  0.976
  1.936
  0.960
  1.428
  3.305
  0.468
  1.393
  0.000
  0.457
  1.813
  0.899
  0.446
  0.000
  2.195
  0.000
  2.593
  0.858
  0.1094785E+03  0.1094785E+03
  0.000
  0.000
  0.000
  0.000
  0.000
  0.000
  0.000
  0.000
  0.000
  0.000
  0.000
  0.000
  0.000
  0.000
  0.000
  0.000
  0.000
182.764
163.544
  0.000
  0.000
  0.000
  0.000
  0.000
  0.000
  0.000
  0.000
  0.000
 68.921
128.656
  0.000
  0.000
  0.000
  0.000
  0.000
  0.000
  0.000
  0.000
  0.000
  0.000
  0.000
  0.000
  0.000
  0.000
  0.000
  0.000
  0.000
  0.000
  0.000
  0.000
  0.000
  0.000
  0.000
  0.000
  0.000
  0.000
  0.000
  0.000
  0.000
  0.000
  0.000
  0.000
  0.000
  0.000
  0.000
  0.000
  0.000
  0.000
  0.000
  0.000
  0.000
  0.000
  0.000
  0.000
  0.000
  0.000
  0.000
  0.000
  0.000
  0.000
  0.000
  0.000
  0.000
  0.000
  0.000
  0.000
  0.000
  0.000
  0.000
  0.000
  0.000
  0.000
  0.000
  0.000
  0.000
  0.000
  0.000
  0.000
  0.000
  0.000
  0.000
  0.000
  0.000
  0.000
  0.000
  0.000
  0.000
  0.000
  0.000
  0.000
  0.000
  0.000
  0.000
  0.000
  0.000
  0.000
  0.000
  0.000
  0.000
  0.000
  0.000
  0.000
  0.000
  0.000
  0.000
  0.000
  0.000
  0.000
  0.000
  0.000
  0.000
  0.000
  0.000
  0.000
  1.547
  0.000
  0.000
  1.481
  0.000
  1.438
  0.000
  2.796
  0.000
  1.359
  0.000
  1.322
  0.000
  0.000
  3.808
  0.000
  1.236
  1.220
  2.407
  0.000
  3.518
  1.158
  2.286
  0.000
  0.000
  1.100
  0.000
  2.147
  1.060
  2.094
  4.138
  1.022
  1.010
  2.993
  1.972
  1.949
  0.000
  0.952
  1.882
  0.930
  0.000
  0.000
  0.899
  0.888
  3.514
  0.869
  0.859
  0.850
  0.840
  0.831
  0.000
  0.000
  0.805
  0.796
  1.576
  0.000
  0.771
  0.000
  0.000
  0.748
  0.000
  0.000
  0.000
  0.000
  0.000
  0.000
  0.000
  0.000
  0.000
  0.000
  2.677
  0.000
  0.656
  1.950
  0.000
  0.000
  0.632
  0.000
  0.000
  1.842
  1.825
  3.014
  1.792
  1.183
  1.173
  0.000
  1.727
  1.712
  1.696
  0.560
  1.666
  0.000
  1.637
  1.623
  3.217
  0.531
  1.054
  1.567
  0.518
  1.027
  1.527
  2.524
  0.000
  1.985
  1.969
  0.000
  1.452
  1.920
  0.952
  2.833
  0.937
  1.393
  0.000
  0.914
  1.360
  0.899
  0.446
  0.000
  2.195
  0.436
  1.729
  1.286
  0.1645731E+03  0.1645731E+03
  0.000
  0.000
  0.000
  0.000
  0.000
  0.000
  0.000
  0.000
  0.000
  0.000
  0.000
  0.000
  0.000
  0.000
  0.000
  0.000
  0.000
365.528
  0.000
  0.000
  0.000
  0.000
  0.000
  0.000
  0.000
  0.000
  0.000
  0.000
172.302
 32.164
  0.000
  0.000
  0.000
  0.000
  0.000
  0.000
  0.000
  0.000
  0.000
  0.000
  0.000
  0.000
  0.000
  0.000
  0.000
  0.000
  0.000
  0.000
  0.000
  0.000
  0.000
  0.000
  0.000
  0.000
  0.000
  0.000
  0.000
  0.000
  0.000
  0.000
  0.000
  0.000
  0.000
  0.000
  0.000
  0.000
  0.000
  0.000
  0.000
  0.000
  0.000
  0.000
  0.000
  0.000
  0.000
  0.000
  0.000
  0.000
  0.000
  0.000
  0.000
  0.000
  0.000
  0.000
  0.000
  0.000
  0.000
  0.000
  0.000
  0.000
  0.000
  0.000
  0.000
  0.000
  0.000
  0.000
  0.000
  0.000
  0.000
  0.000
  0.000
  0.000
  0.000
  0.000
  0.000
  0.000
  0.000
  0.000
  0.000
  0.000
  0.000
  0.000
  0.000
  0.000
  0.000
  0.000
  0.000
  0.000
  0.000
  0.000
  0.000
  0.000
  0.000
  0.000
  0.000
  0.000
  0.000
  0.000
  0.000
  0.000
  0.000
  0.000
  0.000
  0.000
  0.000
  1.525
  0.000
  0.000
  1.459
  1.438
  0.000
  2.796
  0.000
  0.000
  1.341
  0.000
  1.304
  0.000
  1.269
  2.505
  0.000
  2.439
  2.407
  1.188
  2.345
  2.315
  1.143
  0.000
  1.114
  0.000
  1.087
  2.147
  0.000
  3.142
  3.103
  1.022
  1.010
  2.993
  2.958
  0.000
  0.963
  0.952
  1.882
  0.930
  0.000
  0.000
  0.899
  0.888
  2.636
  1.738
  1.718
  0.850
  0.840
  0.000
  0.000
  0.814
  0.000
  1.593
  0.788
  0.000
  0.771
  0.000
  0.755
  0.000
  0.000
  0.000
  0.000
  0.000
  0.000
  0.000
  0.000
  0.000
  0.000
  0.000
  2.008
  0.663
  0.656
  1.300
  0.644
  0.000
  0.000
  0.626
  0.000
  1.842
  1.217
  3.617
  1.792
  1.183
  1.173
  0.000
  0.576
  2.853
  1.131
  1.121
  1.666
  0.000
  1.091
  1.623
  3.217
  2.126
  0.000
  1.567
  0.518
  2.054
  1.018
  1.514
  1.001
  1.985
  0.492
  0.976
  1.936
  1.440
  0.952
  3.777
  0.937
  0.464
  0.000
  1.828
  0.907
  0.450
  0.446
  0.443
  1.756
  1.307
  1.729
  0.000
