   1   5   1   0  0.1999795E+03  0.5000000E+02
  CAR 
 unknown system                          
   0   0   0
   1   1
 256 256 256
 256
  0.1000000E-09
  0.6250000E-11
  10
  0.2000000E-14  0.1008728E-08  0.1003717E-08  0.9876676E-09
  0.1183611E+03  0.1183611E+03
  0.000
  0.000
  0.000
  0.000
  0.000
  0.000
  0.000
  0.000
  0.000
  0.000
  0.000
  0.000
  0.000
  0.000
  0.000
  0.000
  0.000
340.456
  0.000
  0.000
  0.000
  0.000
  0.000
  0.000
  0.000
  0.000
  0.000
  0.000
192.581
  0.000
  0.000
  0.000
  0.000
  0.000
  0.000
  0.000
  0.000
  0.000
  0.000
  0.000
  0.000
  0.000
  0.000
  0.000
  0.000
  0.000
  0.000
  0.000
  0.000
  0.000
  0.000
  0.000
  0.000
  0.000
  0.000
  0.000
  0.000
  0.000
  0.000
  0.000
  0.000
  0.000
  0.000
  0.000
  0.000
  0.000
  0.000
  0.000
  0.000
  0.000
  0.000
  0.000
  0.000
  0.000
  0.000
  0.000
  0.000
  0.000
  0.000
  0.000
  0.000
  0.000
  0.000
  0.000
  0.000
  0.000
  0.000
  0.000
  0.000
  0.000
  0.000
  0.000
  0.000
  0.000
  0.000
  0.000
  0.000
  0.000
  0.000
  0.000
  0.000
  0.000
  0.000
  0.000
  0.000
  0.000
  0.000
  0.000
  0.000
  0.000
  0.000
  0.000
  0.000
  0.000
  0.000
  0.000
  0.000
  0.000
  0.000
  0.000
  0.000
  0.000
  0.000
  0.000
  0.000
  0.000
  0.000
  0.000
  0.000
  1.555
  0.000
  0.000
  0.000
  0.000
  0.000
  1.420
  1.399
  1.379
  0.000
  1.340
  0.000
  1.302
  0.000
  2.532
  2.497
  2.463
  0.000
  2.397
  0.000
  1.167
  1.151
  1.136
  1.121
  1.107
  1.092
  0.000
  1.065
  0.000
  3.114
  3.075
  3.036
  1.999
  0.987
  0.975
  0.964
  1.904
  0.941
  0.929
  0.918
  1.815
  0.897
  0.886
  2.629
  0.866
  1.713
  1.693
  0.837
  0.000
  0.818
  0.000
  0.000
  0.000
  0.000
  0.774
  0.000
  1.515
  1.499
  0.742
  0.000
  0.000
  0.000
  0.000
  0.000
  0.000
  0.000
  0.000
  0.000
  0.668
  1.323
  0.655
  0.000
  0.642
  0.000
  0.000
  1.247
  0.000
  0.611
  2.422
  2.999
  1.188
  0.588
  0.000
  1.155
  1.144
  1.700
  1.123
  2.225
  0.551
  2.184
  0.541
  3.754
  1.063
  0.527
  1.566
  2.587
  0.000
  0.508
  1.511
  1.997
  0.495
  2.454
  0.000
  0.965
  0.956
  1.422
  0.940
  3.263
  1.387
  1.833
  0.000
  0.902
  1.341
  0.000
  1.319
  1.745
  0.865
  1.716
  0.000
  0.422
  0.000
  0.416
  1.237
  2.045
  0.406
  0.805
  0.399
  0.1001599E+03  0.1001599E+03
  0.000
  0.000
  0.000
  0.000
  0.000
  0.000
  0.000
  0.000
  0.000
  0.000
  0.000
  0.000
  0.000
  0.000
  0.000
  0.000
 95.740
 85.114
152.327
  0.000
  0.000
  0.000
  0.000
  0.000
  0.000
  0.000
  0.000
  0.000
128.387
 29.958
 28.026
  0.000
  0.000
  0.000
  0.000
  0.000
  0.000
  0.000
  0.000
  0.000
  0.000
  0.000
  0.000
  0.000
  0.000
  0.000
  0.000
  0.000
  0.000
  0.000
  0.000
  0.000
  0.000
  0.000
  0.000
  0.000
  0.000
  0.000
  0.000
  0.000
  0.000
  0.000
  0.000
  0.000
  0.000
  0.000
  0.000
  0.000
  0.000
  0.000
  0.000
  0.000
  0.000
  0.000
  0.000
  0.000
  0.000
  0.000
  0.000
  0.000
  0.000
  0.000
  0.000
  0.000
  0.000
  0.000
  0.000
  0.000
  0.000
  0.000
  0.000
  0.000
  0.000
  0.000
  0.000
  0.000
  0.000
  0.000
  0.000
  0.000
  0.000
  0.000
  0.000
  0.000
  0.000
  0.000
  0.000
  0.000
  0.000
  0.000
  0.000
  0.000
  0.000
  0.000
  0.000
  0.000
  0.000
  0.000
  0.000
  0.000
  0.000
  0.000
  0.000
  0.000
  0.000
  0.000
  0.000
  0.000
  0.000
  1.555
  0.000
  0.000
  0.000
  0.000
  1.441
  1.420
  0.000
  1.379
  0.000
  1.340
  0.000
  1.302
  0.000
  1.266
  4.995
  1.232
  0.000
  1.198
  2.365
  0.000
  1.151
  2.272
  1.121
  0.000
  1.092
  1.078
  0.000
  0.000
  3.114
  3.075
  3.036
  1.000
  1.975
  1.951
  0.000
  1.904
  0.941
  0.929
  0.918
  0.000
  1.794
  1.773
  1.752
  0.866
  1.713
  1.693
  0.837
  0.828
  0.818
  0.000
  0.000
  0.000
  0.000
  0.774
  0.000
  0.758
  2.249
  0.742
  0.000
  0.000
  0.000
  0.000
  0.000
  0.000
  0.000
  0.000
  0.675
  0.668
  0.000
  1.310
  0.000
  0.000
  0.636
  0.000
  0.623
  0.617
  1.834
  2.422
  2.399
  0.594
  0.588
  0.583
  1.155
  1.144
  1.133
  1.684
  1.669
  1.653
  1.092
  1.082
  2.145
  2.126
  0.000
  1.566
  3.104
  0.000
  0.508
  1.511
  1.498
  1.980
  1.472
  0.000
  0.965
  0.956
  1.422
  1.880
  1.398
  1.849
  2.292
  0.000
  0.902
  0.894
  0.887
  1.319
  0.436
  1.730
  0.429
  0.851
  0.844
  0.419
  0.000
  1.237
  1.636
  0.406
  0.805
  0.799
  0.5793884E+02  0.5793884E+02
  0.000
  0.000
  0.000
  0.000
  0.000
  0.000
  0.000
  0.000
  0.000
  0.000
  0.000
  0.000
  0.000
  0.000
  0.000
  0.000
 95.740
170.228
 76.163
  0.000
  0.000
  0.000
  0.000
  0.000
  0.000
  0.000
  0.000
 34.473
 96.290
 29.958
 28.026
  0.000
  0.000
  0.000
  0.000
  0.000
  0.000
  0.000
  0.000
  0.000
  0.000
  0.000
  0.000
  0.000
  0.000
  0.000
  0.000
  0.000
  0.000
  0.000
  0.000
  0.000
  0.000
  0.000
  0.000
  0.000
  0.000
  0.000
  0.000
  0.000
  0.000
  0.000
  0.000
  0.000
  0.000
  0.000
  0.000
  0.000
  0.000
  0.000
  0.000
  0.000
  0.000
  0.000
  0.000
  0.000
  0.000
  0.000
  0.000
  0.000
  0.000
  0.000
  0.000
  0.000
  0.000
  0.000
  0.000
  0.000
  0.000
  0.000
  0.000
  0.000
  0.000
  0.000
  0.000
  0.000
  0.000
  0.000
  0.000
  0.000
  0.000
  0.000
  0.000
  0.000
  0.000
  0.000
  0.000
  0.000
  0.000
  0.000
  0.000
  0.000
  0.000
  0.000
  0.000
  0.000
  0.000
  0.000
  0.000
  0.000
  0.000
  0.000
  0.000
  0.000
  0.000
  0.000
  0.000
  0.000
  0.000
  0.000
  1.531
  0.000
  0.000
  0.000
  1.441
  1.420
  0.000
  1.379
  0.000
  1.340
  0.000
  1.302
  0.000
  1.266
  3.746
  2.463
  0.000
  1.198
  2.365
  0.000
  2.302
  1.136
  1.121
  0.000
  1.092
  1.078
  0.000
  0.000
  4.151
  2.050
  3.036
  1.000
  1.975
  1.951
  0.000
  0.952
  1.881
  0.929
  0.918
  0.908
  0.897
  1.773
  1.752
  0.866
  1.713
  1.693
  0.837
  0.828
  0.818
  0.000
  0.000
  0.000
  0.000
  0.774
  0.000
  1.515
  0.750
  1.483
  0.000
  0.000
  0.000
  0.000
  0.000
  0.000
  0.000
  0.000
  0.675
  0.668
  0.000
  1.310
  0.000
  0.000
  0.636
  0.000
  0.623
  0.000
  2.446
  1.817
  2.999
  0.594
  0.588
  0.000
  1.155
  1.716
  1.133
  1.684
  2.225
  1.102
  1.092
  1.082
  2.145
  1.594
  0.527
  1.566
  3.104
  0.000
  0.508
  1.511
  1.997
  1.980
  0.981
  0.000
  0.965
  0.478
  2.371
  1.410
  1.865
  1.849
  1.833
  0.000
  0.902
  0.894
  0.887
  1.759
  0.000
  2.163
  0.000
  0.851
  0.844
  0.000
  0.831
  0.824
  1.636
  0.811
  0.805
  0.399
  0.1084771E+03  0.1084771E+03
  0.000
  0.000
  0.000
  0.000
  0.000
  0.000
  0.000
  0.000
  0.000
  0.000
  0.000
  0.000
  0.000
  0.000
  0.000
  0.000
  0.000
340.456
  0.000
  0.000
  0.000
  0.000
  0.000
  0.000
  0.000
  0.000
  0.000
 68.947
 32.097
 89.873
  0.000
  0.000
  0.000
  0.000
  0.000
  0.000
  0.000
  0.000
  0.000
  0.000
  0.000
  0.000
  0.000
  0.000
  0.000
  0.000
  0.000
  0.000
  0.000
  0.000
  0.000
  0.000
  0.000
  0.000
  0.000
  0.000
  0.000
  0.000
  0.000
  0.000
  0.000
  0.000
  0.000
  0.000
  0.000
  0.000
  0.000
  0.000
  0.000
  0.000
  0.000
  0.000
  0.000
  0.000
  0.000
  0.000
  0.000
  0.000
  0.000
  0.000
  0.000
  0.000
  0.000
  0.000
  0.000
  0.000
  0.000
  0.000
  0.000
  0.000
  0.000
  0.000
  0.000
  0.000
  0.000
  0.000
  0.000
  0.000
  0.000
  0.000
  0.000
  0.000
  0.000
  0.000
  0.000
  0.000
  0.000
  0.000
  0.000
  0.000
  0.000
  0.000
  0.000
  0.000
  0.000
  0.000
  0.000
  0.000
  0.000
  0.000
  0.000
  0.000
  0.000
  0.000
  0.000
  0.000
  0.000
  0.000
  0.000
  0.000
  1.531
  0.000
  0.000
  0.000
  1.441
  0.000
  1.399
  1.379
  1.359
  0.000
  0.000
  1.302
  0.000
  1.266
  2.497
  3.695
  0.000
  1.198
  1.182
  1.167
  2.302
  1.136
  1.121
  0.000
  1.092
  1.078
  0.000
  0.000
  4.151
  2.050
  3.036
  1.999
  0.000
  1.951
  1.927
  0.000
  1.881
  0.929
  0.918
  0.908
  0.897
  1.773
  2.629
  0.866
  1.713
  1.693
  0.837
  0.000
  0.818
  0.000
  0.000
  0.000
  0.000
  0.774
  0.000
  1.515
  1.499
  0.742
  0.000
  0.000
  0.000
  0.000
  0.000
  0.000
  0.000
  0.000
  0.000
  1.337
  0.000
  1.310
  0.000
  0.642
  0.000
  0.630
  0.000
  0.617
  1.223
  0.606
  4.198
  0.594
  1.177
  0.000
  1.155
  1.144
  1.700
  1.684
  0.556
  2.756
  1.092
  0.541
  2.681
  1.594
  1.053
  2.088
  1.552
  0.513
  0.000
  3.526
  0.499
  1.980
  0.981
  0.000
  0.482
  0.956
  2.371
  1.410
  1.865
  1.849
  1.375
  0.455
  0.902
  0.894
  1.330
  0.879
  1.308
  1.298
  0.429
  0.426
  0.844
  0.000
  1.247
  0.000
  2.045
  1.217
  0.000
  0.799
  0.1161743E+03  0.1161743E+03
  0.000
  0.000
  0.000
  0.000
  0.000
  0.000
  0.000
  0.000
  0.000
  0.000
  0.000
  0.000
  0.000
  0.000
  0.000
  0.000
  0.000
340.456
  0.000
  0.000
  0.000
  0.000
  0.000
  0.000
  0.000
  0.000
  0.000
 34.473
 96.290
 59.916
  0.000
  0.000
  0.000
  0.000
  0.000
  0.000
  0.000
  0.000
  0.000
  0.000
  0.000
  0.000
  0.000
  0.000
  0.000
  0.000
  0.000
  0.000
  0.000
  0.000
  0.000
  0.000
  0.000
  0.000
  0.000
  0.000
  0.000
  0.000
  0.000
  0.000
  0.000
  0.000
  0.000
  0.000
  0.000
  0.000
  0.000
  0.000
  0.000
  0.000
  0.000
  0.000
  0.000
  0.000
  0.000
  0.000
  0.000
  0.000
  0.000
  0.000
  0.000
  0.000
  0.000
  0.000
  0.000
  0.000
  0.000
  0.000
  0.000
  0.000
  0.000
  0.000
  0.000
  0.000
  0.000
  0.000
  0.000
  0.000
  0.000
  0.000
  0.000
  0.000
  0.000
  0.000
  0.000
  0.000
  0.000
  0.000
  0.000
  0.000
  0.000
  0.000
  0.000
  0.000
  0.000
  0.000
  0.000
  0.000
  0.000
  0.000
  0.000
  0.000
  0.000
  0.000
  0.000
  0.000
  0.000
  0.000
  0.000
  0.000
  1.531
  0.000
  0.000
  0.000
  1.441
  0.000
  0.000
  2.758
  1.359
  0.000
  0.000
  1.302
  0.000
  2.532
  0.000
  3.695
  1.215
  1.198
  1.182
  1.167
  2.302
  0.000
  2.242
  0.000
  0.000
  2.157
  0.000
  0.000
  3.114
  3.075
  4.049
  1.000
  0.000
  1.951
  0.964
  0.952
  2.822
  0.000
  0.918
  1.815
  0.897
  0.886
  1.752
  1.732
  1.713
  1.693
  0.837
  0.000
  0.818
  0.000
  0.000
  0.000
  0.000
  0.774
  0.000
  1.515
  1.499
  0.742
  0.000
  0.000
  0.000
  0.000
  0.000
  0.000
  0.000
  0.000
  0.000
  0.668
  0.662
  1.310
  0.000
  0.642
  0.000
  0.630
  0.000
  0.617
  1.223
  0.000
  4.198
  1.188
  1.177
  0.000
  1.732
  1.144
  0.567
  2.246
  1.113
  2.205
  1.092
  1.082
  2.681
  1.063
  1.053
  2.088
  1.552
  0.513
  0.000
  3.023
  0.999
  1.485
  1.472
  0.000
  0.482
  1.435
  0.948
  1.880
  2.797
  1.387
  1.375
  0.455
  0.902
  0.894
  0.887
  2.199
  1.308
  0.000
  1.287
  0.426
  0.422
  0.000
  0.831
  0.412
  2.045
  1.217
  0.000
  0.799
  0.1154405E+03  0.1154405E+03
  0.000
  0.000
  0.000
  0.000
  0.000
  0.000
  0.000
  0.000
  0.000
  0.000
  0.000
  0.000
  0.000
  0.000
  0.000
  0.000
  0.000
255.342
 76.163
  0.000
  0.000
  0.000
  0.000
  0.000
  0.000
  0.000
  0.000
  0.000
128.387
 29.958
 28.026
  0.000
  0.000
  0.000
  0.000
  0.000
  0.000
  0.000
  0.000
  0.000
  0.000
  0.000
  0.000
  0.000
  0.000
  0.000
  0.000
  0.000
  0.000
  0.000
  0.000
  0.000
  0.000
  0.000
  0.000
  0.000
  0.000
  0.000
  0.000
  0.000
  0.000
  0.000
  0.000
  0.000
  0.000
  0.000
  0.000
  0.000
  0.000
  0.000
  0.000
  0.000
  0.000
  0.000
  0.000
  0.000
  0.000
  0.000
  0.000
  0.000
  0.000
  0.000
  0.000
  0.000
  0.000
  0.000
  0.000
  0.000
  0.000
  0.000
  0.000
  0.000
  0.000
  0.000
  0.000
  0.000
  0.000
  0.000
  0.000
  0.000
  0.000
  0.000
  0.000
  0.000
  0.000
  0.000
  0.000
  0.000
  0.000
  0.000
  0.000
  0.000
  0.000
  0.000
  0.000
  0.000
  0.000
  0.000
  0.000
  0.000
  0.000
  0.000
  0.000
  0.000
  0.000
  0.000
  0.000
  0.000
  0.000
  1.555
  0.000
  0.000
  0.000
  0.000
  1.441
  0.000
  0.000
  2.758
  1.359
  0.000
  1.321
  0.000
  1.284
  1.266
  2.497
  1.232
  1.215
  1.198
  2.365
  0.000
  2.302
  0.000
  0.000
  2.213
  0.000
  1.078
  1.065
  0.000
  3.114
  4.100
  2.024
  1.999
  0.000
  1.951
  0.964
  1.904
  1.881
  0.000
  0.918
  1.815
  0.897
  0.886
  1.752
  1.732
  0.856
  1.693
  1.674
  0.000
  0.000
  0.809
  0.000
  0.000
  0.000
  0.000
  0.766
  0.758
  2.249
  0.000
  0.734
  0.000
  0.000
  0.000
  0.000
  0.000
  0.000
  0.000
  0.675
  0.000
  1.323
  0.655
  0.000
  0.642
  0.000
  1.259
  0.000
  0.000
  0.611
  1.817
  2.999
  1.188
  0.588
  1.749
  0.577
  0.572
  1.133
  3.369
  0.000
  2.205
  1.092
  1.082
  2.681
  1.063
  1.053
  1.566
  2.069
  0.513
  0.508
  2.015
  1.498
  0.990
  1.963
  0.487
  0.000
  0.956
  0.948
  1.410
  1.865
  2.773
  1.833
  0.455
  0.902
  0.894
  0.887
  0.879
  2.617
  0.000
  0.429
  0.851
  0.844
  0.000
  0.831
  0.824
  1.227
  1.217
  0.403
  0.799
  0.9425888E+02  0.9425888E+02
  0.000
  0.000
  0.000
  0.000
  0.000
  0.000
  0.000
  0.000
  0.000
  0.000
  0.000
  0.000
  0.000
  0.000
  0.000
  0.000
  0.000
170.228
152.327
  0.000
  0.000
  0.000
  0.000
  0.000
  0.000
  0.000
  0.000
  0.000
 96.290
 59.916
 28.026
  0.000
  0.000
  0.000
  0.000
  0.000
  0.000
  0.000
  0.000
  0.000
  0.000
  0.000
  0.000
  0.000
  0.000
  0.000
  0.000
  0.000
  0.000
  0.000
  0.000
  0.000
  0.000
  0.000
  0.000
  0.000
  0.000
  0.000
  0.000
  0.000
  0.000
  0.000
  0.000
  0.000
  0.000
  0.000
  0.000
  0.000
  0.000
  0.000
  0.000
  0.000
  0.000
  0.000
  0.000
  0.000
  0.000
  0.000
  0.000
  0.000
  0.000
  0.000
  0.000
  0.000
  0.000
  0.000
  0.000
  0.000
  0.000
  0.000
  0.000
  0.000
  0.000
  0.000
  0.000
  0.000
  0.000
  0.000
  0.000
  0.000
  0.000
  0.000
  0.000
  0.000
  0.000
  0.000
  0.000
  0.000
  0.000
  0.000
  0.000
  0.000
  0.000
  0.000
  0.000
  0.000
  0.000
  0.000
  0.000
  0.000
  0.000
  0.000
  0.000
  0.000
  0.000
  0.000
  0.000
  0.000
  0.000
  1.555
  0.000
  0.000
  0.000
  1.463
  0.000
  0.000
  0.000
  2.758
  1.359
  0.000
  1.321
  0.000
  1.284
  2.532
  2.497
  1.232
  0.000
  2.397
  1.182
  0.000
  2.302
  0.000
  0.000
  1.107
  1.092
  1.078
  1.065
  0.000
  3.114
  5.124
  1.012
  1.999
  0.000
  1.951
  0.000
  1.904
  2.822
  0.000
  1.837
  0.908
  0.000
  2.659
  0.876
  1.732
  0.856
  1.693
  0.000
  1.655
  0.000
  0.809
  0.000
  0.000
  0.000
  0.000
  0.766
  0.758
  2.249
  0.000
  0.734
  0.000
  0.000
  0.000
  0.000
  0.000
  0.000
  0.000
  0.675
  0.000
  1.985
  0.000
  0.000
  0.642
  0.000
  1.259
  0.000
  0.000
  0.611
  1.817
  2.399
  2.376
  0.000
  1.749
  0.577
  0.572
  1.700
  2.807
  0.000
  2.205
  1.092
  1.623
  2.145
  1.594
  1.053
  1.044
  2.587
  0.000
  1.016
  1.511
  0.999
  0.990
  1.472
  0.973
  1.447
  0.000
  0.474
  1.410
  1.865
  3.698
  1.375
  0.455
  0.902
  1.341
  0.000
  1.759
  1.745
  0.433
  0.429
  0.851
  0.844
  0.000
  0.831
  1.237
  0.818
  1.217
  0.805
  0.399
  0.1380580E+03  0.1380580E+03
  0.000
  0.000
  0.000
  0.000
  0.000
  0.000
  0.000
  0.000
  0.000
  0.000
  0.000
  0.000
  0.000
  0.000
  0.000
  0.000
 95.740
255.342
  0.000
  0.000
  0.000
  0.000
  0.000
  0.000
  0.000
  0.000
  0.000
 34.473
128.387
 29.958
  0.000
  0.000
  0.000
  0.000
  0.000
  0.000
  0.000
  0.000
  0.000
  0.000
  0.000
  0.000
  0.000
  0.000
  0.000
  0.000
  0.000
  0.000
  0.000
  0.000
  0.000
  0.000
  0.000
  0.000
  0.000
  0.000
  0.000
  0.000
  0.000
  0.000
  0.000
  0.000
  0.000
  0.000
  0.000
  0.000
  0.000
  0.000
  0.000
  0.000
  0.000
  0.000
  0.000
  0.000
  0.000
  0.000
  0.000
  0.000
  0.000
  0.000
  0.000
  0.000
  0.000
  0.000
  0.000
  0.000
  0.000
  0.000
  0.000
  0.000
  0.000
  0.000
  0.000
  0.000
  0.000
  0.000
  0.000
  0.000
  0.000
  0.000
  0.000
  0.000
  0.000
  0.000
  0.000
  0.000
  0.000
  0.000
  0.000
  0.000
  0.000
  0.000
  0.000
  0.000
  0.000
  0.000
  0.000
  0.000
  0.000
  0.000
  0.000
  0.000
  0.000
  0.000
  0.000
  0.000
  0.000
  0.000
  0.000
  0.000
  1.531
  0.000
  0.000
  0.000
  1.441
  0.000
  0.000
  1.379
  2.718
  0.000
  0.000
  1.302
  0.000
  3.798
  2.497
  1.232
  0.000
  0.000
  3.547
  0.000
  2.302
  0.000
  0.000
  0.000
  2.185
  1.078
  1.065
  1.051
  2.076
  4.100
  2.024
  1.999
  0.987
  0.975
  0.000
  1.904
  2.822
  0.929
  0.918
  0.908
  0.000
  3.546
  0.876
  0.866
  0.856
  1.693
  0.837
  0.828
  0.000
  0.809
  0.000
  0.000
  0.000
  0.774
  0.766
  1.515
  0.750
  0.742
  0.000
  0.000
  0.000
  0.000
  0.000
  0.000
  0.000
  0.000
  0.000
  0.668
  1.985
  0.000
  0.000
  0.000
  0.636
  0.630
  0.623
  0.000
  0.611
  1.817
  1.200
  2.376
  1.177
  1.749
  0.577
  0.572
  1.133
  2.807
  0.556
  3.307
  0.546
  1.082
  2.145
  1.594
  0.527
  1.044
  2.069
  1.025
  2.033
  0.504
  1.498
  0.495
  1.472
  0.487
  1.929
  0.000
  0.948
  1.410
  2.797
  2.311
  1.833
  0.000
  0.902
  1.341
  0.887
  1.759
  1.308
  0.433
  0.000
  1.277
  0.422
  0.000
  0.416
  1.237
  2.045
  0.406
  0.805
  0.399
  0.1451710E+03  0.1451710E+03
  0.000
  0.000
  0.000
  0.000
  0.000
  0.000
  0.000
  0.000
  0.000
  0.000
  0.000
  0.000
  0.000
  0.000
  0.000
  0.000
 95.740
255.342
  0.000
  0.000
  0.000
  0.000
  0.000
  0.000
  0.000
  0.000
  0.000
 34.473
160.484
  0.000
  0.000
  0.000
  0.000
  0.000
  0.000
  0.000
  0.000
  0.000
  0.000
  0.000
  0.000
  0.000
  0.000
  0.000
  0.000
  0.000
  0.000
  0.000
  0.000
  0.000
  0.000
  0.000
  0.000
  0.000
  0.000
  0.000
  0.000
  0.000
  0.000
  0.000
  0.000
  0.000
  0.000
  0.000
  0.000
  0.000
  0.000
  0.000
  0.000
  0.000
  0.000
  0.000
  0.000
  0.000
  0.000
  0.000
  0.000
  0.000
  0.000
  0.000
  0.000
  0.000
  0.000
  0.000
  0.000
  0.000
  0.000
  0.000
  0.000
  0.000
  0.000
  0.000
  0.000
  0.000
  0.000
  0.000
  0.000
  0.000
  0.000
  0.000
  0.000
  0.000
  0.000
  0.000
  0.000
  0.000
  0.000
  0.000
  0.000
  0.000
  0.000
  0.000
  0.000
  0.000
  0.000
  0.000
  0.000
  0.000
  0.000
  0.000
  0.000
  0.000
  0.000
  0.000
  0.000
  0.000
  0.000
  0.000
  0.000
  0.000
  1.531
  0.000
  0.000
  0.000
  0.000
  1.420
  0.000
  1.379
  0.000
  2.680
  0.000
  1.302
  0.000
  3.798
  1.249
  2.463
  0.000
  0.000
  3.547
  0.000
  2.302
  0.000
  0.000
  0.000
  1.092
  2.157
  1.065
  2.102
  1.038
  2.050
  5.061
  1.000
  0.987
  0.975
  0.964
  0.952
  2.822
  0.929
  0.918
  0.908
  0.897
  3.546
  0.000
  0.866
  0.856
  0.847
  2.511
  0.000
  0.818
  0.000
  0.000
  0.000
  0.000
  1.549
  0.000
  1.515
  1.499
  0.000
  0.000
  0.000
  0.000
  0.000
  0.000
  0.000
  0.000
  0.000
  0.000
  0.000
  1.985
  0.655
  0.000
  0.000
  0.636
  0.630
  0.623
  0.000
  0.611
  0.606
  1.799
  2.376
  2.354
  1.166
  0.577
  0.572
  1.133
  1.123
  2.781
  2.756
  0.546
  1.082
  1.073
  2.657
  0.527
  1.044
  2.069
  1.538
  1.525
  1.008
  0.999
  0.990
  1.472
  0.487
  0.965
  0.478
  0.948
  2.821
  1.865
  2.311
  1.375
  0.000
  1.352
  0.894
  1.330
  1.759
  0.872
  0.433
  0.429
  0.426
  0.844
  0.000
  0.416
  1.649
  0.818
  1.623
  0.403
  0.399
  0.1458816E+03  0.1458816E+03
  0.000
  0.000
  0.000
  0.000
  0.000
  0.000
  0.000
  0.000
  0.000
  0.000
  0.000
  0.000
  0.000
  0.000
  0.000
  0.000
  0.000
340.456
  0.000
  0.000
  0.000
  0.000
  0.000
  0.000
  0.000
  0.000
  0.000
 68.947
128.387
  0.000
  0.000
  0.000
  0.000
  0.000
  0.000
  0.000
  0.000
  0.000
  0.000
  0.000
  0.000
  0.000
  0.000
  0.000
  0.000
  0.000
  0.000
  0.000
  0.000
  0.000
  0.000
  0.000
  0.000
  0.000
  0.000
  0.000
  0.000
  0.000
  0.000
  0.000
  0.000
  0.000
  0.000
  0.000
  0.000
  0.000
  0.000
  0.000
  0.000
  0.000
  0.000
  0.000
  0.000
  0.000
  0.000
  0.000
  0.000
  0.000
  0.000
  0.000
  0.000
  0.000
  0.000
  0.000
  0.000
  0.000
  0.000
  0.000
  0.000
  0.000
  0.000
  0.000
  0.000
  0.000
  0.000
  0.000
  0.000
  0.000
  0.000
  0.000
  0.000
  0.000
  0.000
  0.000
  0.000
  0.000
  0.000
  0.000
  0.000
  0.000
  0.000
  0.000
  0.000
  0.000
  0.000
  0.000
  0.000
  0.000
  0.000
  0.000
  0.000
  0.000
  0.000
  0.000
  0.000
  0.000
  0.000
  0.000
  0.000
  1.555
  0.000
  0.000
  0.000
  0.000
  0.000
  1.420
  0.000
  1.379
  0.000
  1.340
  1.321
  2.604
  2.568
  0.000
  1.249
  2.463
  0.000
  0.000
  1.182
  2.333
  2.302
  0.000
  0.000
  0.000
  1.092
  3.235
  1.065
  2.102
  0.000
  2.050
  4.049
  1.999
  0.987
  0.975
  0.964
  0.952
  1.881
  1.859
  0.918
  0.908
  2.691
  1.773
  0.000
  0.866
  0.856
  1.693
  0.000
  1.655
  0.818
  0.000
  0.000
  0.000
  0.000
  1.549
  0.000
  0.758
  2.249
  0.000
  0.000
  0.000
  0.000
  0.000
  0.000
  0.000
  0.000
  0.000
  0.000
  1.337
  0.000
  1.310
  0.000
  0.000
  0.636
  0.630
  0.623
  0.000
  0.611
  0.606
  1.799
  2.376
  2.942
  0.583
  0.577
  1.716
  0.000
  0.561
  2.781
  2.756
  1.092
  1.082
  1.609
  2.126
  0.000
  2.088
  1.035
  2.051
  1.525
  0.504
  1.498
  1.980
  0.491
  0.487
  0.482
  0.478
  2.371
  1.880
  0.932
  3.236
  0.917
  0.455
  0.451
  1.341
  1.774
  1.319
  1.308
  0.433
  0.429
  0.426
  0.844
  0.000
  0.831
  0.824
  0.818
  1.623
  0.805
  0.399
