   1   5   1   0  0.1916137E+03  0.5000000E+02
  CAR 
 unknown system                          
   0   0   0
   1   1
 256 256 256
 256
  0.1000000E-09
  0.6250000E-11
  10
  0.2000000E-14  0.9702527E-09  0.1004140E-08  0.9841486E-09
  0.6506462E+02  0.6506462E+02
  0.000
  0.000
  0.000
  0.000
  0.000
  0.000
  0.000
  0.000
  0.000
  0.000
  0.000
  0.000
  0.000
  0.000
  0.000
  0.000
 91.735
244.660
  0.000
  0.000
  0.000
  0.000
  0.000
  0.000
  0.000
  0.000
  0.000
 66.062
 92.262
 28.705
  0.000
  0.000
  0.000
  0.000
  0.000
  0.000
  0.000
  0.000
  0.000
  0.000
  0.000
  0.000
  0.000
  0.000
  0.000
  0.000
  0.000
  0.000
  0.000
  0.000
  0.000
  0.000
  0.000
  0.000
  0.000
  0.000
  0.000
  0.000
  0.000
  0.000
  0.000
  0.000
  0.000
  0.000
  0.000
  0.000
  0.000
  0.000
  0.000
  0.000
  0.000
  0.000
  0.000
  0.000
  0.000
  0.000
  0.000
  0.000
  0.000
  0.000
  0.000
  0.000
  0.000
  0.000
  0.000
  0.000
  0.000
  0.000
  0.000
  0.000
  0.000
  0.000
  0.000
  0.000
  0.000
  0.000
  0.000
  0.000
  0.000
  0.000
  0.000
  0.000
  0.000
  0.000
  0.000
  0.000
  0.000
  0.000
  0.000
  0.000
  0.000
  0.000
  0.000
  0.000
  0.000
  0.000
  0.000
  0.000
  0.000
  0.000
  0.000
  0.000
  0.000
  0.000
  0.000
  0.000
  0.000
  0.000
  0.000
  1.490
  0.000
  1.445
  0.000
  0.000
  1.381
  1.361
  1.341
  1.321
  1.302
  0.000
  0.000
  0.000
  0.000
  2.426
  3.589
  0.000
  1.164
  1.148
  2.266
  0.000
  0.000
  3.265
  1.074
  3.181
  1.047
  0.000
  1.020
  1.007
  2.983
  2.946
  2.909
  1.916
  0.946
  0.935
  0.923
  0.912
  0.000
  0.000
  0.000
  0.870
  0.000
  3.398
  1.679
  1.660
  1.641
  0.000
  2.406
  0.793
  0.000
  0.000
  0.767
  0.000
  0.000
  0.000
  0.734
  0.726
  0.000
  0.711
  0.000
  0.000
  0.000
  0.000
  0.000
  0.000
  0.660
  0.000
  1.294
  0.640
  0.000
  1.255
  1.243
  0.000
  0.000
  0.603
  1.792
  1.775
  0.000
  3.481
  1.149
  1.708
  1.128
  1.117
  1.106
  1.096
  1.086
  2.152
  2.132
  0.528
  0.523
  1.556
  1.028
  0.509
  0.505
  1.500
  2.478
  0.983
  0.974
  0.965
  1.435
  2.846
  1.411
  0.466
  1.386
  1.375
  2.726
  1.351
  0.447
  0.886
  0.878
  0.436
  1.296
  0.857
  1.274
  0.421
  0.836
  0.829
  0.411
  1.224
  0.405
  1.204
  0.000
  0.395
  0.392
  0.778
  0.386
  1.148
  0.5970974E+02  0.5970974E+02
  0.000
  0.000
  0.000
  0.000
  0.000
  0.000
  0.000
  0.000
  0.000
  0.000
  0.000
  0.000
  0.000
  0.000
  0.000
  0.000
 91.735
163.107
 72.977
  0.000
  0.000
  0.000
  0.000
  0.000
  0.000
  0.000
  0.000
  0.000
153.770
 28.705
  0.000
  0.000
  0.000
  0.000
  0.000
  0.000
  0.000
  0.000
  0.000
  0.000
  0.000
  0.000
  0.000
  0.000
  0.000
  0.000
  0.000
  0.000
  0.000
  0.000
  0.000
  0.000
  0.000
  0.000
  0.000
  0.000
  0.000
  0.000
  0.000
  0.000
  0.000
  0.000
  0.000
  0.000
  0.000
  0.000
  0.000
  0.000
  0.000
  0.000
  0.000
  0.000
  0.000
  0.000
  0.000
  0.000
  0.000
  0.000
  0.000
  0.000
  0.000
  0.000
  0.000
  0.000
  0.000
  0.000
  0.000
  0.000
  0.000
  0.000
  0.000
  0.000
  0.000
  0.000
  0.000
  0.000
  0.000
  0.000
  0.000
  0.000
  0.000
  0.000
  0.000
  0.000
  0.000
  0.000
  0.000
  0.000
  0.000
  0.000
  0.000
  0.000
  0.000
  0.000
  0.000
  0.000
  0.000
  0.000
  0.000
  0.000
  0.000
  0.000
  0.000
  0.000
  0.000
  0.000
  0.000
  0.000
  0.000
  1.490
  1.467
  0.000
  0.000
  1.402
  0.000
  2.721
  0.000
  2.643
  0.000
  0.000
  0.000
  0.000
  1.230
  1.213
  3.589
  0.000
  1.164
  2.297
  1.133
  0.000
  0.000
  3.265
  1.074
  1.060
  3.140
  0.000
  1.020
  1.007
  1.989
  3.928
  3.879
  0.958
  0.946
  0.935
  0.923
  0.912
  0.000
  0.000
  0.880
  0.000
  1.719
  1.699
  2.519
  0.830
  0.820
  0.811
  0.000
  2.379
  0.784
  0.000
  0.000
  0.758
  0.000
  0.000
  0.000
  1.452
  0.000
  0.711
  0.000
  0.000
  0.000
  0.000
  0.000
  0.667
  0.000
  0.654
  1.294
  0.000
  0.634
  0.628
  0.621
  0.615
  0.000
  0.603
  2.987
  0.592
  0.586
  2.321
  2.299
  1.138
  1.128
  0.558
  1.106
  2.192
  0.543
  3.228
  1.066
  0.528
  0.523
  1.037
  2.055
  0.000
  0.000
  2.501
  1.983
  0.983
  0.000
  2.413
  1.435
  2.372
  1.411
  0.466
  0.924
  1.375
  2.272
  1.351
  1.340
  0.886
  0.439
  0.436
  1.296
  1.713
  0.850
  0.421
  0.836
  0.829
  0.000
  1.631
  0.809
  0.401
  0.796
  0.000
  0.392
  0.389
  0.386
  1.913
  0.9057843E+02  0.9057843E+02
  0.000
  0.000
  0.000
  0.000
  0.000
  0.000
  0.000
  0.000
  0.000
  0.000
  0.000
  0.000
  0.000
  0.000
  0.000
  0.000
  0.000
244.660
 72.977
  0.000
  0.000
  0.000
  0.000
  0.000
  0.000
  0.000
  0.000
  0.000
 92.262
 86.114
  0.000
  0.000
  0.000
  0.000
  0.000
  0.000
  0.000
  0.000
  0.000
  0.000
  0.000
  0.000
  0.000
  0.000
  0.000
  0.000
  0.000
  0.000
  0.000
  0.000
  0.000
  0.000
  0.000
  0.000
  0.000
  0.000
  0.000
  0.000
  0.000
  0.000
  0.000
  0.000
  0.000
  0.000
  0.000
  0.000
  0.000
  0.000
  0.000
  0.000
  0.000
  0.000
  0.000
  0.000
  0.000
  0.000
  0.000
  0.000
  0.000
  0.000
  0.000
  0.000
  0.000
  0.000
  0.000
  0.000
  0.000
  0.000
  0.000
  0.000
  0.000
  0.000
  0.000
  0.000
  0.000
  0.000
  0.000
  0.000
  0.000
  0.000
  0.000
  0.000
  0.000
  0.000
  0.000
  0.000
  0.000
  0.000
  0.000
  0.000
  0.000
  0.000
  0.000
  0.000
  0.000
  0.000
  0.000
  0.000
  0.000
  0.000
  0.000
  0.000
  0.000
  0.000
  0.000
  0.000
  0.000
  0.000
  0.000
  1.490
  1.467
  0.000
  0.000
  1.402
  1.381
  1.361
  0.000
  2.643
  0.000
  0.000
  0.000
  0.000
  2.461
  0.000
  3.589
  0.000
  1.164
  2.297
  1.133
  0.000
  1.103
  2.177
  1.074
  1.060
  2.093
  2.066
  0.000
  1.007
  2.983
  2.946
  2.909
  1.916
  0.946
  0.935
  0.923
  0.912
  0.000
  0.000
  0.880
  0.000
  0.859
  2.548
  1.679
  0.830
  1.641
  0.811
  0.000
  2.379
  0.000
  0.775
  0.000
  0.758
  0.000
  0.000
  0.000
  1.452
  0.000
  0.711
  0.000
  0.000
  0.000
  0.000
  0.000
  0.667
  0.000
  0.654
  1.294
  0.000
  0.634
  0.628
  1.243
  0.000
  0.000
  0.603
  2.987
  0.592
  0.586
  2.321
  2.299
  1.708
  0.564
  0.558
  1.106
  2.192
  0.543
  2.690
  2.132
  0.000
  1.047
  0.519
  2.055
  0.000
  0.000
  3.001
  1.487
  0.983
  0.487
  1.448
  1.914
  1.423
  2.351
  0.466
  0.462
  1.833
  2.726
  1.351
  0.893
  0.443
  0.878
  0.436
  1.296
  1.713
  0.425
  0.843
  0.418
  1.244
  0.411
  1.224
  0.809
  0.401
  0.796
  0.000
  0.392
  0.389
  1.157
  0.765
  0.1393135E+03  0.1393135E+03
  0.000
  0.000
  0.000
  0.000
  0.000
  0.000
  0.000
  0.000
  0.000
  0.000
  0.000
  0.000
  0.000
  0.000
  0.000
  0.000
  0.000
326.214
  0.000
  0.000
  0.000
  0.000
  0.000
  0.000
  0.000
  0.000
  0.000
 33.031
123.016
 28.705
  0.000
  0.000
  0.000
  0.000
  0.000
  0.000
  0.000
  0.000
  0.000
  0.000
  0.000
  0.000
  0.000
  0.000
  0.000
  0.000
  0.000
  0.000
  0.000
  0.000
  0.000
  0.000
  0.000
  0.000
  0.000
  0.000
  0.000
  0.000
  0.000
  0.000
  0.000
  0.000
  0.000
  0.000
  0.000
  0.000
  0.000
  0.000
  0.000
  0.000
  0.000
  0.000
  0.000
  0.000
  0.000
  0.000
  0.000
  0.000
  0.000
  0.000
  0.000
  0.000
  0.000
  0.000
  0.000
  0.000
  0.000
  0.000
  0.000
  0.000
  0.000
  0.000
  0.000
  0.000
  0.000
  0.000
  0.000
  0.000
  0.000
  0.000
  0.000
  0.000
  0.000
  0.000
  0.000
  0.000
  0.000
  0.000
  0.000
  0.000
  0.000
  0.000
  0.000
  0.000
  0.000
  0.000
  0.000
  0.000
  0.000
  0.000
  0.000
  0.000
  0.000
  0.000
  0.000
  0.000
  0.000
  0.000
  0.000
  1.490
  1.467
  0.000
  0.000
  1.402
  0.000
  1.361
  1.341
  0.000
  2.605
  0.000
  0.000
  0.000
  1.230
  1.213
  2.393
  1.180
  1.164
  1.148
  2.266
  0.000
  2.206
  1.088
  1.074
  2.121
  2.093
  1.033
  0.000
  1.007
  3.978
  1.964
  1.940
  1.916
  2.838
  0.935
  0.000
  0.000
  0.901
  0.000
  0.880
  0.000
  0.000
  3.398
  2.519
  0.830
  1.641
  0.000
  2.406
  0.000
  0.000
  0.775
  0.767
  0.000
  0.000
  0.000
  0.734
  0.726
  0.000
  0.711
  0.000
  0.000
  0.000
  0.000
  0.000
  0.000
  0.660
  0.654
  1.294
  0.000
  0.000
  1.255
  1.243
  0.000
  0.000
  0.603
  0.597
  2.958
  0.000
  3.481
  1.149
  2.277
  0.564
  0.558
  1.660
  1.644
  1.086
  2.152
  1.066
  1.584
  0.523
  0.519
  2.055
  0.000
  0.000
  3.501
  1.487
  0.000
  1.461
  0.965
  2.392
  1.423
  1.881
  0.000
  1.849
  1.833
  2.272
  1.351
  0.447
  0.886
  0.439
  0.871
  1.728
  0.857
  0.850
  0.421
  0.418
  0.829
  1.233
  0.816
  0.405
  0.803
  0.398
  0.790
  0.000
  0.389
  0.771
  1.148
  0.9635922E+02  0.9635922E+02
  0.000
  0.000
  0.000
  0.000
  0.000
  0.000
  0.000
  0.000
  0.000
  0.000
  0.000
  0.000
  0.000
  0.000
  0.000
  0.000
183.470
163.107
  0.000
  0.000
  0.000
  0.000
  0.000
  0.000
  0.000
  0.000
  0.000
 99.093
 92.262
  0.000
  0.000
  0.000
  0.000
  0.000
  0.000
  0.000
  0.000
  0.000
  0.000
  0.000
  0.000
  0.000
  0.000
  0.000
  0.000
  0.000
  0.000
  0.000
  0.000
  0.000
  0.000
  0.000
  0.000
  0.000
  0.000
  0.000
  0.000
  0.000
  0.000
  0.000
  0.000
  0.000
  0.000
  0.000
  0.000
  0.000
  0.000
  0.000
  0.000
  0.000
  0.000
  0.000
  0.000
  0.000
  0.000
  0.000
  0.000
  0.000
  0.000
  0.000
  0.000
  0.000
  0.000
  0.000
  0.000
  0.000
  0.000
  0.000
  0.000
  0.000
  0.000
  0.000
  0.000
  0.000
  0.000
  0.000
  0.000
  0.000
  0.000
  0.000
  0.000
  0.000
  0.000
  0.000
  0.000
  0.000
  0.000
  0.000
  0.000
  0.000
  0.000
  0.000
  0.000
  0.000
  0.000
  0.000
  0.000
  0.000
  0.000
  0.000
  0.000
  0.000
  0.000
  0.000
  0.000
  0.000
  0.000
  0.000
  0.000
  0.000
  1.467
  1.445
  0.000
  1.402
  0.000
  1.361
  0.000
  1.321
  2.605
  0.000
  0.000
  0.000
  1.230
  1.213
  1.196
  2.360
  0.000
  2.297
  1.133
  2.236
  2.206
  0.000
  1.074
  3.181
  1.047
  0.000
  1.020
  1.007
  2.983
  2.946
  1.940
  1.916
  2.838
  0.000
  0.923
  0.912
  0.000
  0.000
  0.000
  0.870
  1.719
  0.849
  3.358
  0.830
  0.820
  3.244
  0.000
  0.000
  0.784
  0.000
  0.767
  0.000
  0.000
  0.000
  0.734
  0.726
  0.000
  0.711
  0.000
  0.000
  0.000
  0.000
  0.000
  0.000
  0.660
  0.654
  0.647
  0.640
  0.000
  0.628
  1.243
  0.615
  0.000
  0.603
  1.195
  2.366
  0.000
  3.481
  1.149
  1.138
  1.128
  1.117
  1.660
  1.096
  1.629
  1.614
  1.599
  1.584
  0.000
  0.519
  1.028
  1.528
  0.505
  2.001
  1.983
  0.491
  1.948
  0.965
  1.914
  1.423
  1.411
  0.932
  0.924
  2.291
  3.180
  0.450
  0.447
  0.443
  0.878
  1.307
  1.728
  0.428
  0.850
  0.421
  0.418
  1.244
  0.822
  0.816
  0.405
  1.204
  0.000
  0.000
  0.784
  0.778
  0.386
  1.148
  0.1154401E+03  0.1154401E+03
  0.000
  0.000
  0.000
  0.000
  0.000
  0.000
  0.000
  0.000
  0.000
  0.000
  0.000
  0.000
  0.000
  0.000
  0.000
  0.000
 91.735
163.107
 72.977
  0.000
  0.000
  0.000
  0.000
  0.000
  0.000
  0.000
  0.000
 33.031
153.770
  0.000
  0.000
  0.000
  0.000
  0.000
  0.000
  0.000
  0.000
  0.000
  0.000
  0.000
  0.000
  0.000
  0.000
  0.000
  0.000
  0.000
  0.000
  0.000
  0.000
  0.000
  0.000
  0.000
  0.000
  0.000
  0.000
  0.000
  0.000
  0.000
  0.000
  0.000
  0.000
  0.000
  0.000
  0.000
  0.000
  0.000
  0.000
  0.000
  0.000
  0.000
  0.000
  0.000
  0.000
  0.000
  0.000
  0.000
  0.000
  0.000
  0.000
  0.000
  0.000
  0.000
  0.000
  0.000
  0.000
  0.000
  0.000
  0.000
  0.000
  0.000
  0.000
  0.000
  0.000
  0.000
  0.000
  0.000
  0.000
  0.000
  0.000
  0.000
  0.000
  0.000
  0.000
  0.000
  0.000
  0.000
  0.000
  0.000
  0.000
  0.000
  0.000
  0.000
  0.000
  0.000
  0.000
  0.000
  0.000
  0.000
  0.000
  0.000
  0.000
  0.000
  0.000
  0.000
  0.000
  0.000
  0.000
  0.000
  0.000
  1.490
  1.467
  0.000
  1.423
  0.000
  0.000
  1.361
  1.341
  0.000
  2.605
  0.000
  0.000
  0.000
  2.461
  0.000
  1.196
  1.180
  1.164
  2.297
  0.000
  3.353
  2.206
  0.000
  2.148
  2.121
  1.047
  1.033
  0.000
  1.007
  2.983
  2.946
  2.909
  0.958
  0.946
  1.869
  0.923
  0.912
  0.000
  0.000
  0.000
  0.870
  1.719
  0.849
  2.519
  0.830
  0.820
  3.244
  0.802
  0.000
  0.000
  0.775
  0.000
  0.758
  0.000
  0.000
  1.468
  0.000
  0.718
  0.000
  0.000
  0.000
  0.000
  0.000
  0.000
  0.000
  1.321
  0.654
  0.000
  0.640
  0.000
  1.883
  0.000
  0.615
  0.000
  1.207
  1.792
  1.183
  0.000
  2.321
  2.873
  0.569
  1.128
  0.558
  2.213
  1.644
  0.543
  2.152
  1.599
  0.528
  1.047
  0.519
  1.028
  2.037
  0.505
  1.000
  1.983
  1.474
  0.974
  0.965
  1.435
  1.897
  1.881
  0.932
  0.924
  2.291
  2.726
  0.901
  0.447
  0.443
  1.318
  1.307
  0.864
  0.857
  0.850
  0.421
  0.418
  0.829
  0.822
  1.631
  0.000
  1.204
  0.000
  0.000
  0.784
  0.778
  1.157
  0.383
  0.1774356E+03  0.1774356E+03
  0.000
  0.000
  0.000
  0.000
  0.000
  0.000
  0.000
  0.000
  0.000
  0.000
  0.000
  0.000
  0.000
  0.000
  0.000
  0.000
  0.000
326.214
  0.000
  0.000
  0.000
  0.000
  0.000
  0.000
  0.000
  0.000
  0.000
 66.062
 92.262
 28.705
  0.000
  0.000
  0.000
  0.000
  0.000
  0.000
  0.000
  0.000
  0.000
  0.000
  0.000
  0.000
  0.000
  0.000
  0.000
  0.000
  0.000
  0.000
  0.000
  0.000
  0.000
  0.000
  0.000
  0.000
  0.000
  0.000
  0.000
  0.000
  0.000
  0.000
  0.000
  0.000
  0.000
  0.000
  0.000
  0.000
  0.000
  0.000
  0.000
  0.000
  0.000
  0.000
  0.000
  0.000
  0.000
  0.000
  0.000
  0.000
  0.000
  0.000
  0.000
  0.000
  0.000
  0.000
  0.000
  0.000
  0.000
  0.000
  0.000
  0.000
  0.000
  0.000
  0.000
  0.000
  0.000
  0.000
  0.000
  0.000
  0.000
  0.000
  0.000
  0.000
  0.000
  0.000
  0.000
  0.000
  0.000
  0.000
  0.000
  0.000
  0.000
  0.000
  0.000
  0.000
  0.000
  0.000
  0.000
  0.000
  0.000
  0.000
  0.000
  0.000
  0.000
  0.000
  0.000
  0.000
  0.000
  0.000
  1.513
  0.000
  1.467
  0.000
  0.000
  1.402
  0.000
  1.361
  1.341
  0.000
  2.605
  0.000
  0.000
  0.000
  2.461
  0.000
  1.196
  1.180
  3.492
  0.000
  0.000
  2.236
  3.309
  1.088
  2.148
  1.060
  1.047
  1.033
  1.020
  1.007
  1.989
  2.946
  1.940
  1.916
  0.946
  1.869
  0.000
  0.912
  0.901
  0.000
  0.000
  1.739
  0.859
  0.000
  4.198
  0.830
  0.000
  2.433
  1.604
  0.000
  0.000
  0.775
  0.000
  0.000
  0.750
  0.000
  1.468
  0.000
  0.718
  0.000
  0.000
  0.000
  0.000
  0.000
  0.000
  0.000
  0.660
  1.307
  0.000
  0.640
  0.000
  1.255
  0.621
  1.231
  0.000
  0.603
  1.195
  1.775
  1.758
  1.160
  2.299
  1.138
  0.564
  1.675
  1.660
  1.096
  1.629
  0.000
  1.599
  2.641
  0.000
  1.037
  0.514
  2.037
  0.000
  2.001
  1.487
  1.474
  0.974
  0.965
  2.392
  1.423
  1.411
  1.398
  1.386
  0.916
  2.726
  1.351
  0.447
  0.886
  0.439
  1.307
  1.296
  0.000
  1.274
  0.843
  0.836
  0.415
  0.822
  0.816
  1.214
  0.401
  0.398
  0.000
  0.392
  0.778
  1.543
  0.765
  0.1591461E+03  0.1591461E+03
  0.000
  0.000
  0.000
  0.000
  0.000
  0.000
  0.000
  0.000
  0.000
  0.000
  0.000
  0.000
  0.000
  0.000
  0.000
  0.000
  0.000
326.214
  0.000
  0.000
  0.000
  0.000
  0.000
  0.000
  0.000
  0.000
  0.000
 33.031
 92.262
 57.409
  0.000
  0.000
  0.000
  0.000
  0.000
  0.000
  0.000
  0.000
  0.000
  0.000
  0.000
  0.000
  0.000
  0.000
  0.000
  0.000
  0.000
  0.000
  0.000
  0.000
  0.000
  0.000
  0.000
  0.000
  0.000
  0.000
  0.000
  0.000
  0.000
  0.000
  0.000
  0.000
  0.000
  0.000
  0.000
  0.000
  0.000
  0.000
  0.000
  0.000
  0.000
  0.000
  0.000
  0.000
  0.000
  0.000
  0.000
  0.000
  0.000
  0.000
  0.000
  0.000
  0.000
  0.000
  0.000
  0.000
  0.000
  0.000
  0.000
  0.000
  0.000
  0.000
  0.000
  0.000
  0.000
  0.000
  0.000
  0.000
  0.000
  0.000
  0.000
  0.000
  0.000
  0.000
  0.000
  0.000
  0.000
  0.000
  0.000
  0.000
  0.000
  0.000
  0.000
  0.000
  0.000
  0.000
  0.000
  0.000
  0.000
  0.000
  0.000
  0.000
  0.000
  0.000
  0.000
  0.000
  0.000
  0.000
  1.513
  1.490
  0.000
  0.000
  0.000
  0.000
  1.381
  1.361
  1.341
  0.000
  2.605
  0.000
  0.000
  1.248
  1.230
  0.000
  1.196
  2.360
  2.328
  0.000
  0.000
  2.236
  3.309
  1.088
  2.148
  2.121
  0.000
  2.066
  1.020
  1.007
  1.989
  1.964
  0.970
  1.916
  0.946
  0.935
  1.846
  0.912
  0.901
  0.000
  0.000
  1.739
  0.859
  0.849
  2.519
  1.660
  0.820
  1.622
  1.604
  0.000
  0.784
  0.000
  0.000
  0.000
  0.750
  0.000
  0.734
  0.726
  0.718
  0.000
  0.000
  0.000
  0.000
  0.000
  0.000
  0.000
  0.000
  1.961
  0.000
  0.000
  0.634
  1.255
  0.621
  1.231
  0.609
  0.000
  0.597
  2.366
  2.343
  1.160
  2.299
  0.000
  1.128
  2.234
  1.106
  0.548
  2.172
  0.000
  1.066
  2.112
  1.570
  0.519
  0.514
  1.018
  1.009
  2.001
  1.487
  0.983
  0.974
  0.965
  2.871
  1.897
  1.411
  0.466
  1.849
  1.375
  2.272
  1.351
  0.893
  0.443
  0.878
  0.436
  1.728
  0.000
  0.425
  1.685
  0.836
  0.415
  0.411
  1.224
  1.214
  0.000
  0.398
  0.395
  0.000
  1.166
  1.157
  1.531
  0.1078277E+03  0.1078277E+03
  0.000
  0.000
  0.000
  0.000
  0.000
  0.000
  0.000
  0.000
  0.000
  0.000
  0.000
  0.000
  0.000
  0.000
  0.000
  0.000
 91.735
244.660
  0.000
  0.000
  0.000
  0.000
  0.000
  0.000
  0.000
  0.000
  0.000
 33.031
 92.262
 57.409
  0.000
  0.000
  0.000
  0.000
  0.000
  0.000
  0.000
  0.000
  0.000
  0.000
  0.000
  0.000
  0.000
  0.000
  0.000
  0.000
  0.000
  0.000
  0.000
  0.000
  0.000
  0.000
  0.000
  0.000
  0.000
  0.000
  0.000
  0.000
  0.000
  0.000
  0.000
  0.000
  0.000
  0.000
  0.000
  0.000
  0.000
  0.000
  0.000
  0.000
  0.000
  0.000
  0.000
  0.000
  0.000
  0.000
  0.000
  0.000
  0.000
  0.000
  0.000
  0.000
  0.000
  0.000
  0.000
  0.000
  0.000
  0.000
  0.000
  0.000
  0.000
  0.000
  0.000
  0.000
  0.000
  0.000
  0.000
  0.000
  0.000
  0.000
  0.000
  0.000
  0.000
  0.000
  0.000
  0.000
  0.000
  0.000
  0.000
  0.000
  0.000
  0.000
  0.000
  0.000
  0.000
  0.000
  0.000
  0.000
  0.000
  0.000
  0.000
  0.000
  0.000
  0.000
  0.000
  0.000
  0.000
  0.000
  1.513
  1.490
  0.000
  0.000
  0.000
  0.000
  0.000
  1.361
  1.341
  1.321
  1.302
  1.284
  0.000
  1.248
  1.230
  0.000
  2.393
  1.180
  2.328
  0.000
  1.133
  1.118
  2.206
  2.177
  3.223
  1.060
  0.000
  1.033
  2.040
  0.000
  2.983
  1.964
  0.970
  1.916
  0.000
  1.869
  1.846
  0.912
  0.901
  0.000
  0.000
  1.739
  0.859
  1.699
  1.679
  1.660
  0.820
  0.811
  1.604
  1.586
  0.000
  0.000
  0.000
  0.000
  0.750
  0.000
  0.734
  0.726
  0.718
  0.000
  0.000
  0.000
  0.000
  0.000
  0.000
  0.000
  0.000
  1.961
  0.000
  0.000
  0.634
  0.628
  1.864
  1.231
  0.000
  0.603
  0.597
  1.775
  1.758
  0.580
  2.873
  1.138
  1.128
  0.558
  2.213
  0.548
  1.629
  0.538
  1.066
  0.528
  2.616
  1.037
  1.028
  0.509
  0.000
  4.001
  0.991
  0.491
  0.487
  1.448
  3.349
  1.423
  0.940
  1.398
  1.849
  1.833
  1.363
  1.802
  0.447
  0.443
  1.318
  0.871
  0.432
  0.428
  0.425
  1.685
  0.836
  0.829
  0.000
  0.816
  1.618
  0.401
  0.000
  0.395
  0.784
  0.389
  1.157
  1.913
  0.1319445E+03  0.1319445E+03
  0.000
  0.000
  0.000
  0.000
  0.000
  0.000
  0.000
  0.000
  0.000
  0.000
  0.000
  0.000
  0.000
  0.000
  0.000
  0.000
  0.000
326.214
  0.000
  0.000
  0.000
  0.000
  0.000
  0.000
  0.000
  0.000
  0.000
 66.062
 61.508
 57.409
  0.000
  0.000
  0.000
  0.000
  0.000
  0.000
  0.000
  0.000
  0.000
  0.000
  0.000
  0.000
  0.000
  0.000
  0.000
  0.000
  0.000
  0.000
  0.000
  0.000
  0.000
  0.000
  0.000
  0.000
  0.000
  0.000
  0.000
  0.000
  0.000
  0.000
  0.000
  0.000
  0.000
  0.000
  0.000
  0.000
  0.000
  0.000
  0.000
  0.000
  0.000
  0.000
  0.000
  0.000
  0.000
  0.000
  0.000
  0.000
  0.000
  0.000
  0.000
  0.000
  0.000
  0.000
  0.000
  0.000
  0.000
  0.000
  0.000
  0.000
  0.000
  0.000
  0.000
  0.000
  0.000
  0.000
  0.000
  0.000
  0.000
  0.000
  0.000
  0.000
  0.000
  0.000
  0.000
  0.000
  0.000
  0.000
  0.000
  0.000
  0.000
  0.000
  0.000
  0.000
  0.000
  0.000
  0.000
  0.000
  0.000
  0.000
  0.000
  0.000
  0.000
  0.000
  0.000
  0.000
  0.000
  0.000
  1.513
  0.000
  1.467
  0.000
  0.000
  0.000
  1.381
  0.000
  1.341
  1.321
  1.302
  1.284
  0.000
  1.248
  0.000
  1.213
  0.000
  3.540
  1.164
  2.297
  0.000
  1.118
  3.309
  2.177
  0.000
  3.181
  0.000
  2.066
  1.020
  1.007
  1.989
  1.964
  0.970
  1.916
  0.000
  1.869
  0.000
  2.736
  0.901
  0.000
  0.000
  1.739
  0.859
  0.849
  3.358
  0.830
  0.820
  0.811
  1.604
  1.586
  0.000
  0.000
  0.000
  0.000
  0.000
  1.484
  0.734
  0.726
  0.000
  0.000
  0.000
  0.000
  0.000
  0.000
  0.000
  0.000
  0.660
  1.307
  0.000
  0.640
  0.000
  0.628
  1.243
  1.231
  0.609
  0.000
  0.597
  2.958
  1.172
  1.160
  1.149
  2.846
  0.000
  2.234
  1.106
  1.096
  1.629
  0.000
  1.066
  0.528
  2.616
  1.037
  1.028
  0.509
  0.505
  2.501
  1.487
  0.491
  0.000
  4.344
  0.957
  1.897
  0.940
  1.865
  2.311
  0.916
  0.909
  2.252
  0.447
  0.443
  1.757
  0.436
  0.864
  0.000
  0.425
  1.264
  1.254
  0.000
  1.233
  0.408
  1.618
  0.401
  0.000
  0.000
  0.784
  0.778
  1.543
  0.765
