   1   5   1   0  0.2027919E+03  0.5000000E+02
  CAR 
 unknown system                          
   0   0   0
   1   1
 256 256 256
 256
  0.1000000E-09
  0.6250000E-11
  10
  0.2000000E-14  0.9905758E-09  0.1009321E-08  0.1014355E-08
  0.5682880E+02  0.5682880E+02
  0.000
  0.000
  0.000
  0.000
  0.000
  0.000
  0.000
  0.000
  0.000
  0.000
  0.000
  0.000
  0.000
  0.000
  0.000
  0.000
  0.000
345.244
  0.000
  0.000
  0.000
  0.000
  0.000
  0.000
  0.000
  0.000
  0.000
  0.000
130.193
 60.758
  0.000
  0.000
  0.000
  0.000
  0.000
  0.000
  0.000
  0.000
  0.000
  0.000
  0.000
  0.000
  0.000
  0.000
  0.000
  0.000
  0.000
  0.000
  0.000
  0.000
  0.000
  0.000
  0.000
  0.000
  0.000
  0.000
  0.000
  0.000
  0.000
  0.000
  0.000
  0.000
  0.000
  0.000
  0.000
  0.000
  0.000
  0.000
  0.000
  0.000
  0.000
  0.000
  0.000
  0.000
  0.000
  0.000
  0.000
  0.000
  0.000
  0.000
  0.000
  0.000
  0.000
  0.000
  0.000
  0.000
  0.000
  0.000
  0.000
  0.000
  0.000
  0.000
  0.000
  0.000
  0.000
  0.000
  0.000
  0.000
  0.000
  0.000
  0.000
  0.000
  0.000
  0.000
  0.000
  0.000
  0.000
  0.000
  0.000
  0.000
  0.000
  0.000
  0.000
  0.000
  0.000
  0.000
  0.000
  0.000
  0.000
  0.000
  0.000
  0.000
  0.000
  0.000
  0.000
  0.000
  0.000
  0.000
  0.000
  0.000
  0.000
  0.000
  0.000
  2.967
  0.000
  0.000
  1.419
  1.398
  2.757
  0.000
  0.000
  1.321
  0.000
  0.000
  0.000
  1.249
  0.000
  2.431
  1.199
  2.366
  0.000
  3.456
  2.274
  1.122
  2.215
  1.093
  1.080
  0.000
  1.052
  1.039
  1.026
  0.000
  4.005
  2.967
  3.908
  2.896
  0.000
  0.942
  0.000
  0.000
  0.910
  0.899
  0.000
  0.878
  0.868
  0.858
  1.697
  3.357
  0.000
  0.821
  1.623
  0.803
  0.000
  0.000
  0.777
  0.000
  0.760
  0.752
  0.000
  0.000
  0.000
  0.721
  0.000
  0.000
  0.000
  0.000
  0.000
  0.000
  0.000
  0.000
  2.631
  0.651
  0.645
  0.638
  0.000
  0.000
  0.620
  1.228
  0.608
  1.807
  0.597
  2.955
  1.171
  2.320
  1.149
  0.000
  1.692
  0.559
  2.215
  1.646
  0.000
  3.233
  1.602
  1.059
  0.525
  1.560
  0.515
  0.511
  1.519
  0.502
  1.991
  0.493
  2.446
  2.910
  0.962
  0.953
  1.418
  1.406
  0.465
  1.844
  2.743
  0.907
  0.450
  0.000
  0.442
  1.316
  1.305
  0.432
  0.428
  2.548
  0.843
  0.000
  0.415
  0.411
  0.000
  1.215
  0.7784021E+02  0.7784021E+02
  0.000
  0.000
  0.000
  0.000
  0.000
  0.000
  0.000
  0.000
  0.000
  0.000
  0.000
  0.000
  0.000
  0.000
  0.000
  0.000
  0.000
258.933
 77.235
  0.000
  0.000
  0.000
  0.000
  0.000
  0.000
  0.000
  0.000
  0.000
 65.096
121.516
  0.000
  0.000
  0.000
  0.000
  0.000
  0.000
  0.000
  0.000
  0.000
  0.000
  0.000
  0.000
  0.000
  0.000
  0.000
  0.000
  0.000
  0.000
  0.000
  0.000
  0.000
  0.000
  0.000
  0.000
  0.000
  0.000
  0.000
  0.000
  0.000
  0.000
  0.000
  0.000
  0.000
  0.000
  0.000
  0.000
  0.000
  0.000
  0.000
  0.000
  0.000
  0.000
  0.000
  0.000
  0.000
  0.000
  0.000
  0.000
  0.000
  0.000
  0.000
  0.000
  0.000
  0.000
  0.000
  0.000
  0.000
  0.000
  0.000
  0.000
  0.000
  0.000
  0.000
  0.000
  0.000
  0.000
  0.000
  0.000
  0.000
  0.000
  0.000
  0.000
  0.000
  0.000
  0.000
  0.000
  0.000
  0.000
  0.000
  0.000
  0.000
  0.000
  0.000
  0.000
  0.000
  0.000
  0.000
  0.000
  0.000
  0.000
  0.000
  0.000
  0.000
  0.000
  0.000
  0.000
  0.000
  0.000
  0.000
  0.000
  0.000
  0.000
  0.000
  1.484
  1.462
  0.000
  1.419
  1.398
  1.378
  1.359
  0.000
  1.321
  0.000
  0.000
  0.000
  1.249
  0.000
  1.215
  3.597
  1.183
  0.000
  4.608
  1.137
  3.366
  0.000
  1.093
  1.080
  0.000
  1.052
  1.039
  1.026
  0.000
  4.005
  2.967
  3.908
  2.896
  0.000
  0.942
  0.000
  0.000
  0.910
  0.000
  0.889
  0.878
  0.000
  1.717
  1.697
  3.357
  0.000
  1.641
  0.812
  0.803
  0.000
  0.785
  0.000
  0.000
  0.760
  0.752
  0.000
  0.000
  0.000
  0.721
  0.000
  0.000
  0.000
  0.000
  0.000
  0.000
  0.000
  0.000
  1.315
  1.954
  1.290
  0.000
  0.000
  0.000
  0.620
  0.614
  1.216
  1.205
  1.790
  2.955
  0.586
  2.320
  1.149
  0.000
  1.128
  0.559
  2.215
  1.646
  1.088
  1.617
  1.602
  1.588
  1.049
  1.560
  0.515
  1.022
  1.013
  0.502
  1.991
  0.493
  2.446
  3.395
  0.481
  1.430
  1.418
  0.937
  0.465
  2.766
  0.914
  1.360
  0.450
  0.446
  0.442
  1.316
  1.305
  0.432
  0.428
  2.124
  1.264
  0.000
  0.829
  0.000
  0.000
  2.025
  0.8019353E+02  0.8019353E+02
  0.000
  0.000
  0.000
  0.000
  0.000
  0.000
  0.000
  0.000
  0.000
  0.000
  0.000
  0.000
  0.000
  0.000
  0.000
  0.000
  0.000
258.933
 77.235
  0.000
  0.000
  0.000
  0.000
  0.000
  0.000
  0.000
  0.000
 34.958
 65.096
 91.137
  0.000
  0.000
  0.000
  0.000
  0.000
  0.000
  0.000
  0.000
  0.000
  0.000
  0.000
  0.000
  0.000
  0.000
  0.000
  0.000
  0.000
  0.000
  0.000
  0.000
  0.000
  0.000
  0.000
  0.000
  0.000
  0.000
  0.000
  0.000
  0.000
  0.000
  0.000
  0.000
  0.000
  0.000
  0.000
  0.000
  0.000
  0.000
  0.000
  0.000
  0.000
  0.000
  0.000
  0.000
  0.000
  0.000
  0.000
  0.000
  0.000
  0.000
  0.000
  0.000
  0.000
  0.000
  0.000
  0.000
  0.000
  0.000
  0.000
  0.000
  0.000
  0.000
  0.000
  0.000
  0.000
  0.000
  0.000
  0.000
  0.000
  0.000
  0.000
  0.000
  0.000
  0.000
  0.000
  0.000
  0.000
  0.000
  0.000
  0.000
  0.000
  0.000
  0.000
  0.000
  0.000
  0.000
  0.000
  0.000
  0.000
  0.000
  0.000
  0.000
  0.000
  0.000
  0.000
  0.000
  0.000
  0.000
  0.000
  0.000
  0.000
  0.000
  0.000
  2.967
  0.000
  0.000
  1.419
  1.398
  2.757
  0.000
  0.000
  1.321
  0.000
  0.000
  0.000
  1.249
  0.000
  1.215
  1.199
  3.549
  1.167
  4.608
  1.137
  2.244
  0.000
  1.093
  1.080
  0.000
  1.052
  1.039
  1.026
  0.000
  5.006
  2.967
  2.931
  2.896
  0.000
  0.942
  0.000
  0.000
  0.910
  0.000
  0.889
  0.000
  0.868
  1.717
  2.546
  1.678
  1.660
  0.821
  0.812
  0.000
  0.794
  0.000
  0.777
  0.000
  0.760
  0.752
  0.000
  0.000
  0.729
  0.000
  0.000
  0.000
  0.000
  0.000
  0.000
  0.000
  0.000
  0.664
  0.658
  2.605
  0.645
  0.000
  0.000
  0.000
  0.620
  0.614
  1.216
  1.807
  1.790
  2.364
  0.586
  2.320
  0.575
  1.708
  0.000
  1.118
  1.661
  1.098
  1.088
  2.156
  1.602
  2.117
  1.049
  1.040
  0.000
  1.533
  0.506
  1.004
  1.991
  0.493
  3.424
  1.940
  0.962
  1.430
  1.418
  0.469
  1.859
  2.305
  0.457
  1.360
  0.899
  0.000
  0.442
  0.877
  1.305
  0.863
  0.856
  2.124
  0.843
  0.418
  0.000
  0.411
  0.000
  1.620
  0.7359815E+02  0.7359815E+02
  0.000
  0.000
  0.000
  0.000
  0.000
  0.000
  0.000
  0.000
  0.000
  0.000
  0.000
  0.000
  0.000
  0.000
  0.000
  0.000
  0.000
345.244
  0.000
  0.000
  0.000
  0.000
  0.000
  0.000
  0.000
  0.000
  0.000
 69.916
 97.644
 30.379
  0.000
  0.000
  0.000
  0.000
  0.000
  0.000
  0.000
  0.000
  0.000
  0.000
  0.000
  0.000
  0.000
  0.000
  0.000
  0.000
  0.000
  0.000
  0.000
  0.000
  0.000
  0.000
  0.000
  0.000
  0.000
  0.000
  0.000
  0.000
  0.000
  0.000
  0.000
  0.000
  0.000
  0.000
  0.000
  0.000
  0.000
  0.000
  0.000
  0.000
  0.000
  0.000
  0.000
  0.000
  0.000
  0.000
  0.000
  0.000
  0.000
  0.000
  0.000
  0.000
  0.000
  0.000
  0.000
  0.000
  0.000
  0.000
  0.000
  0.000
  0.000
  0.000
  0.000
  0.000
  0.000
  0.000
  0.000
  0.000
  0.000
  0.000
  0.000
  0.000
  0.000
  0.000
  0.000
  0.000
  0.000
  0.000
  0.000
  0.000
  0.000
  0.000
  0.000
  0.000
  0.000
  0.000
  0.000
  0.000
  0.000
  0.000
  0.000
  0.000
  0.000
  0.000
  0.000
  0.000
  0.000
  0.000
  0.000
  0.000
  0.000
  0.000
  0.000
  1.484
  1.462
  0.000
  1.419
  1.398
  2.757
  0.000
  0.000
  1.321
  0.000
  0.000
  0.000
  0.000
  1.232
  1.215
  0.000
  2.366
  4.669
  3.456
  1.137
  1.122
  1.108
  1.093
  1.080
  0.000
  1.052
  1.039
  1.026
  0.000
  4.005
  2.967
  3.908
  1.931
  0.954
  0.942
  0.000
  0.000
  0.910
  0.000
  0.889
  0.000
  0.868
  0.858
  3.395
  2.518
  0.830
  0.821
  0.812
  0.000
  0.794
  0.000
  0.777
  0.000
  0.760
  0.752
  0.000
  0.000
  0.729
  0.000
  0.000
  0.000
  0.000
  0.000
  0.000
  0.000
  0.000
  0.664
  0.000
  2.605
  1.290
  0.000
  0.000
  0.000
  0.000
  0.614
  1.825
  1.807
  1.790
  1.773
  0.586
  2.320
  1.724
  1.139
  0.564
  1.118
  1.108
  1.098
  0.544
  2.695
  1.602
  2.117
  1.049
  1.040
  0.515
  1.022
  0.506
  1.004
  1.493
  1.480
  2.935
  1.940
  0.962
  1.907
  1.418
  0.000
  1.394
  2.305
  1.371
  1.360
  0.450
  0.000
  0.885
  0.439
  0.870
  1.295
  1.284
  2.124
  0.421
  0.418
  0.000
  0.411
  0.000
  1.215
  0.6703054E+02  0.6703054E+02
  0.000
  0.000
  0.000
  0.000
  0.000
  0.000
  0.000
  0.000
  0.000
  0.000
  0.000
  0.000
  0.000
  0.000
  0.000
  0.000
  0.000
345.244
  0.000
  0.000
  0.000
  0.000
  0.000
  0.000
  0.000
  0.000
  0.000
  0.000
 97.644
 91.137
  0.000
  0.000
  0.000
  0.000
  0.000
  0.000
  0.000
  0.000
  0.000
  0.000
  0.000
  0.000
  0.000
  0.000
  0.000
  0.000
  0.000
  0.000
  0.000
  0.000
  0.000
  0.000
  0.000
  0.000
  0.000
  0.000
  0.000
  0.000
  0.000
  0.000
  0.000
  0.000
  0.000
  0.000
  0.000
  0.000
  0.000
  0.000
  0.000
  0.000
  0.000
  0.000
  0.000
  0.000
  0.000
  0.000
  0.000
  0.000
  0.000
  0.000
  0.000
  0.000
  0.000
  0.000
  0.000
  0.000
  0.000
  0.000
  0.000
  0.000
  0.000
  0.000
  0.000
  0.000
  0.000
  0.000
  0.000
  0.000
  0.000
  0.000
  0.000
  0.000
  0.000
  0.000
  0.000
  0.000
  0.000
  0.000
  0.000
  0.000
  0.000
  0.000
  0.000
  0.000
  0.000
  0.000
  0.000
  0.000
  0.000
  0.000
  0.000
  0.000
  0.000
  0.000
  0.000
  0.000
  0.000
  0.000
  0.000
  0.000
  0.000
  0.000
  1.506
  0.000
  1.462
  1.440
  0.000
  4.195
  0.000
  0.000
  1.339
  0.000
  0.000
  0.000
  0.000
  1.249
  0.000
  1.215
  0.000
  2.366
  5.837
  2.304
  1.137
  1.122
  1.108
  1.093
  1.080
  1.066
  0.000
  1.039
  1.026
  2.027
  1.001
  2.967
  3.908
  3.861
  0.000
  0.942
  0.000
  0.000
  0.910
  0.000
  0.889
  0.000
  0.868
  0.858
  2.546
  2.518
  1.660
  0.821
  0.000
  0.803
  0.794
  0.000
  0.000
  0.768
  0.760
  0.000
  0.744
  0.000
  0.729
  0.000
  0.000
  0.000
  0.000
  0.000
  0.000
  0.000
  0.000
  0.664
  1.315
  1.302
  1.290
  0.000
  0.000
  0.000
  0.000
  1.842
  1.216
  1.807
  1.193
  1.773
  0.586
  2.320
  1.724
  1.139
  1.128
  0.559
  0.554
  1.646
  0.544
  2.695
  2.136
  2.117
  0.525
  1.040
  0.515
  1.022
  0.506
  1.004
  0.995
  1.480
  2.935
  1.940
  1.442
  1.907
  0.945
  0.469
  1.394
  1.844
  1.828
  1.360
  0.450
  0.000
  0.442
  0.877
  0.870
  0.863
  1.713
  1.274
  1.264
  0.000
  0.415
  0.411
  0.408
  0.000
  0.6333729E+02  0.6333729E+02
  0.000
  0.000
  0.000
  0.000
  0.000
  0.000
  0.000
  0.000
  0.000
  0.000
  0.000
  0.000
  0.000
  0.000
  0.000
  0.000
  0.000
345.244
  0.000
  0.000
  0.000
  0.000
  0.000
  0.000
  0.000
  0.000
  0.000
  0.000
 97.644
 60.758
 28.420
  0.000
  0.000
  0.000
  0.000
  0.000
  0.000
  0.000
  0.000
  0.000
  0.000
  0.000
  0.000
  0.000
  0.000
  0.000
  0.000
  0.000
  0.000
  0.000
  0.000
  0.000
  0.000
  0.000
  0.000
  0.000
  0.000
  0.000
  0.000
  0.000
  0.000
  0.000
  0.000
  0.000
  0.000
  0.000
  0.000
  0.000
  0.000
  0.000
  0.000
  0.000
  0.000
  0.000
  0.000
  0.000
  0.000
  0.000
  0.000
  0.000
  0.000
  0.000
  0.000
  0.000
  0.000
  0.000
  0.000
  0.000
  0.000
  0.000
  0.000
  0.000
  0.000
  0.000
  0.000
  0.000
  0.000
  0.000
  0.000
  0.000
  0.000
  0.000
  0.000
  0.000
  0.000
  0.000
  0.000
  0.000
  0.000
  0.000
  0.000
  0.000
  0.000
  0.000
  0.000
  0.000
  0.000
  0.000
  0.000
  0.000
  0.000
  0.000
  0.000
  0.000
  0.000
  0.000
  0.000
  0.000
  0.000
  0.000
  0.000
  0.000
  1.506
  1.484
  0.000
  1.440
  0.000
  2.797
  1.378
  0.000
  1.339
  0.000
  0.000
  0.000
  0.000
  0.000
  1.232
  1.215
  0.000
  3.549
  4.669
  2.304
  0.000
  1.122
  2.215
  1.093
  2.159
  0.000
  0.000
  1.039
  1.026
  2.027
  1.001
  4.945
  1.954
  2.896
  0.954
  0.000
  0.931
  0.000
  0.910
  0.000
  0.000
  0.878
  0.868
  0.858
  2.546
  2.518
  2.489
  0.000
  0.000
  1.605
  0.000
  0.000
  0.000
  0.768
  0.760
  0.000
  0.744
  0.000
  0.729
  0.000
  0.000
  0.000
  0.000
  0.000
  0.000
  0.000
  0.000
  1.329
  1.315
  0.651
  1.290
  0.000
  0.000
  0.000
  0.620
  1.842
  0.000
  3.012
  1.193
  1.182
  1.171
  1.740
  1.724
  1.708
  0.564
  0.559
  0.554
  1.098
  2.719
  1.078
  2.136
  2.117
  1.049
  0.000
  1.031
  0.511
  1.519
  1.004
  0.000
  2.467
  1.467
  3.395
  0.481
  2.384
  0.945
  0.469
  1.394
  1.383
  2.286
  1.360
  0.450
  0.000
  0.000
  1.316
  0.435
  1.295
  2.141
  0.849
  0.843
  0.418
  0.415
  0.823
  0.000
  0.000
  0.9249986E+02  0.9249986E+02
  0.000
  0.000
  0.000
  0.000
  0.000
  0.000
  0.000
  0.000
  0.000
  0.000
  0.000
  0.000
  0.000
  0.000
  0.000
  0.000
  0.000
345.244
  0.000
  0.000
  0.000
  0.000
  0.000
  0.000
  0.000
  0.000
  0.000
 34.958
130.193
 30.379
  0.000
  0.000
  0.000
  0.000
  0.000
  0.000
  0.000
  0.000
  0.000
  0.000
  0.000
  0.000
  0.000
  0.000
  0.000
  0.000
  0.000
  0.000
  0.000
  0.000
  0.000
  0.000
  0.000
  0.000
  0.000
  0.000
  0.000
  0.000
  0.000
  0.000
  0.000
  0.000
  0.000
  0.000
  0.000
  0.000
  0.000
  0.000
  0.000
  0.000
  0.000
  0.000
  0.000
  0.000
  0.000
  0.000
  0.000
  0.000
  0.000
  0.000
  0.000
  0.000
  0.000
  0.000
  0.000
  0.000
  0.000
  0.000
  0.000
  0.000
  0.000
  0.000
  0.000
  0.000
  0.000
  0.000
  0.000
  0.000
  0.000
  0.000
  0.000
  0.000
  0.000
  0.000
  0.000
  0.000
  0.000
  0.000
  0.000
  0.000
  0.000
  0.000
  0.000
  0.000
  0.000
  0.000
  0.000
  0.000
  0.000
  0.000
  0.000
  0.000
  0.000
  0.000
  0.000
  0.000
  0.000
  0.000
  0.000
  0.000
  0.000
  0.000
  1.506
  1.484
  0.000
  0.000
  1.419
  1.398
  1.378
  1.359
  0.000
  1.321
  0.000
  0.000
  0.000
  0.000
  1.232
  1.215
  1.199
  2.366
  3.502
  3.456
  0.000
  1.122
  2.215
  1.093
  2.159
  0.000
  0.000
  1.039
  1.026
  2.027
  1.001
  4.945
  1.954
  1.931
  1.907
  0.000
  0.931
  0.000
  0.910
  0.000
  0.889
  0.000
  0.868
  1.717
  2.546
  2.518
  0.830
  0.821
  0.812
  0.803
  0.000
  0.000
  0.000
  1.537
  0.000
  0.752
  0.000
  0.000
  0.729
  0.000
  0.000
  0.000
  0.000
  0.000
  0.000
  0.000
  0.000
  0.000
  1.315
  1.954
  0.645
  0.638
  0.000
  0.000
  1.240
  0.614
  0.608
  1.807
  1.790
  1.773
  1.757
  0.580
  1.149
  2.847
  0.564
  0.559
  0.554
  0.549
  2.719
  1.078
  1.602
  1.588
  2.623
  0.000
  1.031
  1.533
  1.013
  0.502
  0.498
  1.973
  1.467
  3.395
  0.481
  3.337
  0.000
  0.469
  1.859
  1.844
  2.286
  0.453
  0.450
  0.000
  0.000
  1.316
  0.870
  0.432
  2.569
  1.274
  0.843
  0.000
  0.829
  0.000
  0.408
  0.405
  0.4946788E+02  0.4946788E+02
  0.000
  0.000
  0.000
  0.000
  0.000
  0.000
  0.000
  0.000
  0.000
  0.000
  0.000
  0.000
  0.000
  0.000
  0.000
  0.000
  0.000
345.244
  0.000
  0.000
  0.000
  0.000
  0.000
  0.000
  0.000
  0.000
  0.000
 69.916
130.193
  0.000
  0.000
  0.000
  0.000
  0.000
  0.000
  0.000
  0.000
  0.000
  0.000
  0.000
  0.000
  0.000
  0.000
  0.000
  0.000
  0.000
  0.000
  0.000
  0.000
  0.000
  0.000
  0.000
  0.000
  0.000
  0.000
  0.000
  0.000
  0.000
  0.000
  0.000
  0.000
  0.000
  0.000
  0.000
  0.000
  0.000
  0.000
  0.000
  0.000
  0.000
  0.000
  0.000
  0.000
  0.000
  0.000
  0.000
  0.000
  0.000
  0.000
  0.000
  0.000
  0.000
  0.000
  0.000
  0.000
  0.000
  0.000
  0.000
  0.000
  0.000
  0.000
  0.000
  0.000
  0.000
  0.000
  0.000
  0.000
  0.000
  0.000
  0.000
  0.000
  0.000
  0.000
  0.000
  0.000
  0.000
  0.000
  0.000
  0.000
  0.000
  0.000
  0.000
  0.000
  0.000
  0.000
  0.000
  0.000
  0.000
  0.000
  0.000
  0.000
  0.000
  0.000
  0.000
  0.000
  0.000
  0.000
  0.000
  0.000
  0.000
  0.000
  0.000
  0.000
  2.967
  0.000
  0.000
  0.000
  1.398
  1.378
  2.717
  0.000
  1.321
  0.000
  0.000
  0.000
  0.000
  1.232
  1.215
  1.199
  2.366
  3.502
  2.304
  2.274
  0.000
  2.215
  2.187
  1.080
  0.000
  0.000
  2.079
  0.000
  0.000
  3.004
  4.945
  1.954
  2.896
  0.954
  0.000
  0.931
  0.000
  0.910
  0.000
  0.889
  0.000
  0.868
  1.717
  2.546
  2.518
  0.830
  1.641
  0.812
  0.000
  0.000
  0.000
  0.777
  0.768
  0.000
  0.752
  0.000
  0.000
  0.729
  0.000
  0.000
  0.000
  0.000
  0.000
  0.000
  0.000
  0.000
  0.000
  0.658
  1.954
  1.290
  0.638
  0.000
  0.000
  0.620
  1.228
  0.608
  1.205
  1.790
  1.773
  2.342
  0.580
  1.724
  2.277
  0.564
  0.000
  0.554
  1.646
  2.175
  1.078
  0.534
  2.647
  1.574
  1.040
  1.546
  0.511
  1.519
  0.502
  0.498
  1.480
  2.446
  2.425
  2.404
  1.907
  0.473
  0.000
  2.324
  2.766
  0.914
  0.453
  0.450
  0.000
  0.442
  0.877
  0.870
  1.295
  1.284
  1.699
  0.843
  0.418
  0.415
  0.000
  0.408
  0.810
  0.6916763E+02  0.6916763E+02
  0.000
  0.000
  0.000
  0.000
  0.000
  0.000
  0.000
  0.000
  0.000
  0.000
  0.000
  0.000
  0.000
  0.000
  0.000
  0.000
  0.000
345.244
  0.000
  0.000
  0.000
  0.000
  0.000
  0.000
  0.000
  0.000
  0.000
  0.000
195.289
  0.000
  0.000
  0.000
  0.000
  0.000
  0.000
  0.000
  0.000
  0.000
  0.000
  0.000
  0.000
  0.000
  0.000
  0.000
  0.000
  0.000
  0.000
  0.000
  0.000
  0.000
  0.000
  0.000
  0.000
  0.000
  0.000
  0.000
  0.000
  0.000
  0.000
  0.000
  0.000
  0.000
  0.000
  0.000
  0.000
  0.000
  0.000
  0.000
  0.000
  0.000
  0.000
  0.000
  0.000
  0.000
  0.000
  0.000
  0.000
  0.000
  0.000
  0.000
  0.000
  0.000
  0.000
  0.000
  0.000
  0.000
  0.000
  0.000
  0.000
  0.000
  0.000
  0.000
  0.000
  0.000
  0.000
  0.000
  0.000
  0.000
  0.000
  0.000
  0.000
  0.000
  0.000
  0.000
  0.000
  0.000
  0.000
  0.000
  0.000
  0.000
  0.000
  0.000
  0.000
  0.000
  0.000
  0.000
  0.000
  0.000
  0.000
  0.000
  0.000
  0.000
  0.000
  0.000
  0.000
  0.000
  0.000
  0.000
  0.000
  0.000
  0.000
  0.000
  1.506
  0.000
  1.462
  0.000
  0.000
  1.398
  2.757
  1.359
  0.000
  1.321
  0.000
  0.000
  0.000
  0.000
  0.000
  2.431
  0.000
  4.732
  2.335
  2.304
  2.274
  1.122
  1.108
  2.187
  1.080
  0.000
  0.000
  2.079
  0.000
  0.000
  3.004
  4.945
  0.977
  3.861
  0.954
  0.000
  0.931
  0.000
  0.910
  0.899
  0.000
  0.000
  0.868
  1.717
  2.546
  2.518
  1.660
  0.821
  0.812
  0.000
  0.000
  0.000
  0.000
  1.537
  0.760
  0.000
  0.000
  0.000
  0.729
  0.000
  0.000
  0.000
  0.000
  0.000
  0.000
  0.000
  0.000
  0.000
  0.658
  1.954
  1.290
  0.638
  0.000
  0.000
  0.620
  1.228
  0.608
  1.807
  1.193
  1.773
  2.342
  0.580
  1.724
  2.847
  0.000
  0.000
  0.554
  1.646
  2.175
  1.078
  0.000
  3.176
  1.574
  1.040
  1.546
  1.022
  1.519
  0.000
  0.000
  2.960
  1.467
  1.940
  2.885
  1.907
  0.473
  0.469
  2.324
  2.305
  0.914
  0.453
  0.450
  0.000
  0.442
  0.877
  0.870
  0.432
  2.141
  2.124
  0.421
  0.418
  0.415
  0.000
  0.816
  0.405
  0.9878039E+02  0.9878039E+02
  0.000
  0.000
  0.000
  0.000
  0.000
  0.000
  0.000
  0.000
  0.000
  0.000
  0.000
  0.000
  0.000
  0.000
  0.000
  0.000
  0.000
345.244
  0.000
  0.000
  0.000
  0.000
  0.000
  0.000
  0.000
  0.000
  0.000
  0.000
130.193
 60.758
  0.000
  0.000
  0.000
  0.000
  0.000
  0.000
  0.000
  0.000
  0.000
  0.000
  0.000
  0.000
  0.000
  0.000
  0.000
  0.000
  0.000
  0.000
  0.000
  0.000
  0.000
  0.000
  0.000
  0.000
  0.000
  0.000
  0.000
  0.000
  0.000
  0.000
  0.000
  0.000
  0.000
  0.000
  0.000
  0.000
  0.000
  0.000
  0.000
  0.000
  0.000
  0.000
  0.000
  0.000
  0.000
  0.000
  0.000
  0.000
  0.000
  0.000
  0.000
  0.000
  0.000
  0.000
  0.000
  0.000
  0.000
  0.000
  0.000
  0.000
  0.000
  0.000
  0.000
  0.000
  0.000
  0.000
  0.000
  0.000
  0.000
  0.000
  0.000
  0.000
  0.000
  0.000
  0.000
  0.000
  0.000
  0.000
  0.000
  0.000
  0.000
  0.000
  0.000
  0.000
  0.000
  0.000
  0.000
  0.000
  0.000
  0.000
  0.000
  0.000
  0.000
  0.000
  0.000
  0.000
  0.000
  0.000
  0.000
  0.000
  0.000
  1.529
  0.000
  0.000
  1.462
  0.000
  0.000
  1.398
  4.135
  0.000
  0.000
  1.321
  0.000
  0.000
  0.000
  0.000
  0.000
  1.215
  2.398
  2.366
  4.669
  1.152
  2.274
  1.122
  0.000
  4.374
  0.000
  0.000
  1.052
  0.000
  1.026
  1.014
  2.003
  4.945
  0.977
  1.931
  2.861
  0.000
  0.931
  0.000
  0.910
  0.000
  0.889
  0.000
  0.868
  1.717
  1.697
  2.518
  2.489
  0.000
  0.812
  0.803
  0.000
  0.000
  0.000
  0.768
  1.520
  0.000
  0.000
  0.000
  0.729
  0.000
  0.000
  0.000
  0.000
  0.000
  0.000
  0.000
  0.000
  0.664
  0.658
  1.302
  1.290
  0.638
  0.000
  0.000
  0.620
  0.614
  2.433
  1.807
  0.000
  1.773
  1.757
  1.160
  3.448
  1.139
  0.000
  0.000
  0.554
  1.646
  1.631
  1.078
  0.534
  3.176
  1.574
  2.080
  0.515
  0.511
  1.519
  0.502
  0.000
  2.467
  1.467
  2.425
  2.885
  1.430
  0.473
  0.937
  1.859
  2.305
  1.371
  0.453
  0.450
  0.000
  0.000
  0.877
  0.870
  1.727
  0.428
  2.973
  0.421
  0.000
  0.829
  0.000
  0.408
  0.810
