   1   5   1   0  0.1953783E+03  0.5000000E+02
  CAR 
 unknown system                          
   0   0   0
   1   1
 256 256 256
 256
  0.1000000E-09
  0.6250000E-11
  10
  0.2000000E-14  0.9735729E-09  0.1000683E-08  0.1003569E-08
  0.1098271E+03  0.1098271E+03
  0.000
  0.000
  0.000
  0.000
  0.000
  0.000
  0.000
  0.000
  0.000
  0.000
  0.000
  0.000
  0.000
  0.000
  0.000
  0.000
  0.000
332.623
  0.000
  0.000
  0.000
  0.000
  0.000
  0.000
  0.000
  0.000
  0.000
 67.360
 94.075
 29.269
  0.000
  0.000
  0.000
  0.000
  0.000
  0.000
  0.000
  0.000
  0.000
  0.000
  0.000
  0.000
  0.000
  0.000
  0.000
  0.000
  0.000
  0.000
  0.000
  0.000
  0.000
  0.000
  0.000
  0.000
  0.000
  0.000
  0.000
  0.000
  0.000
  0.000
  0.000
  0.000
  0.000
  0.000
  0.000
  0.000
  0.000
  0.000
  0.000
  0.000
  0.000
  0.000
  0.000
  0.000
  0.000
  0.000
  0.000
  0.000
  0.000
  0.000
  0.000
  0.000
  0.000
  0.000
  0.000
  0.000
  0.000
  0.000
  0.000
  0.000
  0.000
  0.000
  0.000
  0.000
  0.000
  0.000
  0.000
  0.000
  0.000
  0.000
  0.000
  0.000
  0.000
  0.000
  0.000
  0.000
  0.000
  0.000
  0.000
  0.000
  0.000
  0.000
  0.000
  0.000
  0.000
  0.000
  0.000
  0.000
  0.000
  0.000
  0.000
  0.000
  0.000
  0.000
  0.000
  0.000
  0.000
  0.000
  0.000
  0.000
  0.000
  1.473
  1.451
  0.000
  2.816
  0.000
  1.367
  1.347
  1.328
  0.000
  0.000
  0.000
  0.000
  0.000
  1.220
  0.000
  1.187
  3.513
  2.310
  3.419
  2.249
  0.000
  1.095
  2.162
  1.067
  0.000
  1.040
  1.027
  1.014
  1.001
  3.955
  2.930
  2.894
  2.859
  0.000
  0.930
  0.000
  0.000
  0.897
  0.000
  0.876
  0.000
  1.712
  0.000
  1.673
  3.308
  0.818
  2.426
  0.000
  0.791
  0.782
  0.000
  0.000
  0.000
  0.748
  0.000
  0.732
  0.000
  0.000
  0.709
  0.000
  0.000
  0.000
  0.000
  0.000
  1.333
  0.660
  0.000
  0.000
  0.000
  0.000
  1.255
  1.242
  1.230
  1.218
  1.810
  0.597
  1.183
  0.586
  1.161
  0.000
  1.708
  2.256
  1.118
  1.661
  1.646
  2.717
  0.538
  0.534
  3.172
  0.000
  1.558
  0.515
  1.530
  1.011
  2.505
  1.490
  0.984
  0.000
  0.967
  1.918
  1.426
  0.942
  1.869
  1.853
  1.378
  0.911
  0.903
  0.896
  0.888
  1.762
  1.310
  0.866
  1.289
  0.426
  0.000
  0.838
  0.416
  0.825
  0.818
  0.812
  0.805
  1.598
  0.000
  0.393
  0.000
  0.1252930E+03  0.1252930E+03
  0.000
  0.000
  0.000
  0.000
  0.000
  0.000
  0.000
  0.000
  0.000
  0.000
  0.000
  0.000
  0.000
  0.000
  0.000
  0.000
  0.000
249.467
 74.411
  0.000
  0.000
  0.000
  0.000
  0.000
  0.000
  0.000
  0.000
  0.000
 62.717
117.074
  0.000
  0.000
  0.000
  0.000
  0.000
  0.000
  0.000
  0.000
  0.000
  0.000
  0.000
  0.000
  0.000
  0.000
  0.000
  0.000
  0.000
  0.000
  0.000
  0.000
  0.000
  0.000
  0.000
  0.000
  0.000
  0.000
  0.000
  0.000
  0.000
  0.000
  0.000
  0.000
  0.000
  0.000
  0.000
  0.000
  0.000
  0.000
  0.000
  0.000
  0.000
  0.000
  0.000
  0.000
  0.000
  0.000
  0.000
  0.000
  0.000
  0.000
  0.000
  0.000
  0.000
  0.000
  0.000
  0.000
  0.000
  0.000
  0.000
  0.000
  0.000
  0.000
  0.000
  0.000
  0.000
  0.000
  0.000
  0.000
  0.000
  0.000
  0.000
  0.000
  0.000
  0.000
  0.000
  0.000
  0.000
  0.000
  0.000
  0.000
  0.000
  0.000
  0.000
  0.000
  0.000
  0.000
  0.000
  0.000
  0.000
  0.000
  0.000
  0.000
  0.000
  0.000
  0.000
  0.000
  0.000
  0.000
  0.000
  0.000
  0.000
  1.473
  1.451
  1.429
  1.408
  0.000
  2.734
  0.000
  1.328
  0.000
  0.000
  0.000
  0.000
  0.000
  1.220
  0.000
  1.187
  2.342
  2.310
  4.559
  1.125
  2.220
  1.095
  2.162
  0.000
  1.053
  1.040
  0.000
  1.014
  1.001
  1.978
  4.883
  1.929
  2.859
  1.883
  0.000
  0.000
  0.000
  0.000
  0.887
  0.876
  0.000
  0.856
  0.846
  1.673
  2.481
  1.635
  2.426
  0.000
  0.000
  0.782
  0.773
  0.000
  0.000
  0.000
  0.740
  0.000
  0.725
  0.000
  0.709
  0.000
  0.000
  0.000
  0.680
  0.000
  1.333
  0.000
  0.000
  0.000
  0.000
  0.634
  1.255
  1.242
  1.230
  1.218
  1.810
  0.597
  0.000
  1.172
  1.161
  0.575
  1.708
  1.128
  1.677
  1.661
  1.646
  2.717
  0.538
  1.601
  2.115
  0.000
  1.558
  1.029
  1.020
  1.516
  1.002
  1.986
  0.984
  0.488
  1.451
  1.438
  0.475
  1.885
  1.402
  2.316
  1.378
  0.911
  0.000
  1.343
  0.444
  2.202
  1.310
  0.000
  2.148
  0.852
  0.000
  0.838
  0.832
  0.000
  1.637
  0.406
  1.611
  0.799
  0.396
  0.000
  0.000
  0.4493717E+02  0.4493717E+02
  0.000
  0.000
  0.000
  0.000
  0.000
  0.000
  0.000
  0.000
  0.000
  0.000
  0.000
  0.000
  0.000
  0.000
  0.000
  0.000
  0.000
 83.156
223.233
  0.000
  0.000
  0.000
  0.000
  0.000
  0.000
  0.000
  0.000
 33.680
  0.000
 87.806
 54.762
  0.000
  0.000
  0.000
  0.000
  0.000
  0.000
  0.000
  0.000
  0.000
  0.000
  0.000
  0.000
  0.000
  0.000
  0.000
  0.000
  0.000
  0.000
  0.000
  0.000
  0.000
  0.000
  0.000
  0.000
  0.000
  0.000
  0.000
  0.000
  0.000
  0.000
  0.000
  0.000
  0.000
  0.000
  0.000
  0.000
  0.000
  0.000
  0.000
  0.000
  0.000
  0.000
  0.000
  0.000
  0.000
  0.000
  0.000
  0.000
  0.000
  0.000
  0.000
  0.000
  0.000
  0.000
  0.000
  0.000
  0.000
  0.000
  0.000
  0.000
  0.000
  0.000
  0.000
  0.000
  0.000
  0.000
  0.000
  0.000
  0.000
  0.000
  0.000
  0.000
  0.000
  0.000
  0.000
  0.000
  0.000
  0.000
  0.000
  0.000
  0.000
  0.000
  0.000
  0.000
  0.000
  0.000
  0.000
  0.000
  0.000
  0.000
  0.000
  0.000
  0.000
  0.000
  0.000
  0.000
  0.000
  0.000
  0.000
  1.496
  1.473
  0.000
  2.859
  0.000
  0.000
  2.734
  1.347
  0.000
  0.000
  0.000
  0.000
  0.000
  0.000
  1.220
  1.203
  1.187
  1.171
  5.776
  1.140
  2.249
  1.110
  1.095
  1.081
  1.067
  1.053
  1.040
  0.000
  1.014
  1.001
  1.978
  4.883
  0.965
  3.812
  1.883
  0.000
  0.000
  0.000
  0.000
  0.887
  0.000
  0.866
  0.856
  0.846
  0.000
  2.481
  2.453
  3.234
  0.000
  0.000
  0.782
  0.000
  0.765
  0.000
  0.000
  0.740
  0.000
  0.725
  0.000
  0.709
  0.000
  0.000
  0.000
  0.680
  0.000
  0.666
  0.660
  0.000
  0.000
  0.000
  1.901
  1.255
  0.000
  1.230
  1.827
  1.206
  0.597
  0.000
  1.758
  0.580
  1.725
  0.569
  2.821
  0.559
  1.107
  1.646
  2.717
  1.077
  1.601
  1.586
  0.000
  1.558
  1.029
  0.510
  2.022
  1.002
  1.986
  0.984
  0.488
  1.935
  0.959
  0.951
  0.942
  1.402
  2.779
  1.378
  0.000
  0.903
  0.896
  0.888
  2.202
  0.874
  0.866
  0.430
  1.704
  0.423
  0.419
  1.248
  0.000
  0.409
  1.624
  0.805
  1.598
  0.396
  0.000
  0.000
  0.1254083E+03  0.1254083E+03
  0.000
  0.000
  0.000
  0.000
  0.000
  0.000
  0.000
  0.000
  0.000
  0.000
  0.000
  0.000
  0.000
  0.000
  0.000
  0.000
  0.000
249.467
 74.411
  0.000
  0.000
  0.000
  0.000
  0.000
  0.000
  0.000
  0.000
 33.680
  0.000
146.343
  0.000
  0.000
  0.000
  0.000
  0.000
  0.000
  0.000
  0.000
  0.000
  0.000
  0.000
  0.000
  0.000
  0.000
  0.000
  0.000
  0.000
  0.000
  0.000
  0.000
  0.000
  0.000
  0.000
  0.000
  0.000
  0.000
  0.000
  0.000
  0.000
  0.000
  0.000
  0.000
  0.000
  0.000
  0.000
  0.000
  0.000
  0.000
  0.000
  0.000
  0.000
  0.000
  0.000
  0.000
  0.000
  0.000
  0.000
  0.000
  0.000
  0.000
  0.000
  0.000
  0.000
  0.000
  0.000
  0.000
  0.000
  0.000
  0.000
  0.000
  0.000
  0.000
  0.000
  0.000
  0.000
  0.000
  0.000
  0.000
  0.000
  0.000
  0.000
  0.000
  0.000
  0.000
  0.000
  0.000
  0.000
  0.000
  0.000
  0.000
  0.000
  0.000
  0.000
  0.000
  0.000
  0.000
  0.000
  0.000
  0.000
  0.000
  0.000
  0.000
  0.000
  0.000
  0.000
  0.000
  0.000
  0.000
  0.000
  0.000
  0.000
  2.946
  0.000
  1.429
  1.408
  0.000
  1.367
  1.347
  1.328
  0.000
  0.000
  0.000
  0.000
  0.000
  1.220
  1.203
  1.187
  1.171
  5.776
  0.000
  3.374
  1.110
  2.191
  0.000
  1.067
  1.053
  1.040
  0.000
  0.000
  2.003
  0.989
  5.860
  2.894
  1.906
  1.883
  0.000
  0.000
  0.000
  0.000
  0.887
  0.000
  0.866
  0.856
  0.846
  0.837
  3.308
  2.453
  1.617
  0.000
  0.791
  0.000
  0.773
  0.000
  0.000
  0.000
  0.740
  0.732
  0.000
  0.000
  0.709
  0.000
  0.000
  0.000
  0.680
  0.000
  0.666
  0.660
  0.000
  0.000
  0.000
  1.901
  0.627
  0.621
  0.615
  3.046
  0.000
  1.195
  0.000
  0.586
  1.741
  1.150
  0.569
  2.256
  1.677
  1.107
  1.646
  1.630
  2.692
  0.534
  1.586
  0.524
  1.558
  1.029
  0.510
  1.516
  1.503
  1.986
  0.984
  0.976
  1.451
  0.959
  0.951
  1.414
  1.869
  2.779
  0.000
  0.455
  0.903
  1.791
  0.000
  2.202
  0.874
  1.300
  0.859
  0.852
  0.845
  0.000
  1.248
  0.000
  1.228
  0.812
  0.805
  1.598
  0.396
  0.000
  0.000
  0.9657500E+02  0.9657500E+02
  0.000
  0.000
  0.000
  0.000
  0.000
  0.000
  0.000
  0.000
  0.000
  0.000
  0.000
  0.000
  0.000
  0.000
  0.000
  0.000
 93.537
249.467
  0.000
  0.000
  0.000
  0.000
  0.000
  0.000
  0.000
  0.000
 36.270
 67.360
 94.075
  0.000
  0.000
  0.000
  0.000
  0.000
  0.000
  0.000
  0.000
  0.000
  0.000
  0.000
  0.000
  0.000
  0.000
  0.000
  0.000
  0.000
  0.000
  0.000
  0.000
  0.000
  0.000
  0.000
  0.000
  0.000
  0.000
  0.000
  0.000
  0.000
  0.000
  0.000
  0.000
  0.000
  0.000
  0.000
  0.000
  0.000
  0.000
  0.000
  0.000
  0.000
  0.000
  0.000
  0.000
  0.000
  0.000
  0.000
  0.000
  0.000
  0.000
  0.000
  0.000
  0.000
  0.000
  0.000
  0.000
  0.000
  0.000
  0.000
  0.000
  0.000
  0.000
  0.000
  0.000
  0.000
  0.000
  0.000
  0.000
  0.000
  0.000
  0.000
  0.000
  0.000
  0.000
  0.000
  0.000
  0.000
  0.000
  0.000
  0.000
  0.000
  0.000
  0.000
  0.000
  0.000
  0.000
  0.000
  0.000
  0.000
  0.000
  0.000
  0.000
  0.000
  0.000
  0.000
  0.000
  0.000
  0.000
  0.000
  0.000
  0.000
  0.000
  0.000
  2.902
  0.000
  1.408
  1.387
  0.000
  1.347
  1.328
  1.309
  0.000
  0.000
  0.000
  0.000
  0.000
  2.407
  0.000
  3.513
  3.465
  1.140
  2.249
  2.220
  1.095
  1.081
  1.067
  1.053
  1.040
  0.000
  0.000
  2.003
  0.989
  5.860
  2.894
  1.906
  1.883
  0.000
  0.000
  0.000
  0.000
  0.887
  0.876
  0.000
  1.712
  0.846
  0.837
  4.135
  1.635
  0.809
  0.799
  0.000
  0.782
  0.000
  0.000
  0.000
  0.748
  0.740
  0.000
  0.000
  0.000
  0.709
  0.000
  0.000
  0.000
  0.000
  0.673
  0.000
  1.319
  0.000
  0.000
  0.000
  0.000
  0.627
  1.864
  1.230
  1.218
  1.810
  1.195
  0.000
  0.586
  1.161
  1.150
  1.139
  0.564
  3.353
  0.554
  2.743
  1.087
  2.154
  1.067
  1.586
  0.524
  0.519
  2.058
  0.510
  1.011
  2.505
  1.490
  0.984
  1.464
  0.967
  1.438
  0.951
  1.414
  0.934
  2.779
  0.459
  1.366
  0.452
  1.343
  0.888
  1.762
  0.874
  1.300
  1.289
  0.000
  0.845
  0.838
  0.416
  0.825
  0.818
  0.406
  1.208
  0.799
  0.396
  0.393
  0.000
  0.1458405E+03  0.1458405E+03
  0.000
  0.000
  0.000
  0.000
  0.000
  0.000
  0.000
  0.000
  0.000
  0.000
  0.000
  0.000
  0.000
  0.000
  0.000
  0.000
  0.000
332.623
  0.000
  0.000
  0.000
  0.000
  0.000
  0.000
  0.000
  0.000
  0.000
 67.360
125.433
  0.000
  0.000
  0.000
  0.000
  0.000
  0.000
  0.000
  0.000
  0.000
  0.000
  0.000
  0.000
  0.000
  0.000
  0.000
  0.000
  0.000
  0.000
  0.000
  0.000
  0.000
  0.000
  0.000
  0.000
  0.000
  0.000
  0.000
  0.000
  0.000
  0.000
  0.000
  0.000
  0.000
  0.000
  0.000
  0.000
  0.000
  0.000
  0.000
  0.000
  0.000
  0.000
  0.000
  0.000
  0.000
  0.000
  0.000
  0.000
  0.000
  0.000
  0.000
  0.000
  0.000
  0.000
  0.000
  0.000
  0.000
  0.000
  0.000
  0.000
  0.000
  0.000
  0.000
  0.000
  0.000
  0.000
  0.000
  0.000
  0.000
  0.000
  0.000
  0.000
  0.000
  0.000
  0.000
  0.000
  0.000
  0.000
  0.000
  0.000
  0.000
  0.000
  0.000
  0.000
  0.000
  0.000
  0.000
  0.000
  0.000
  0.000
  0.000
  0.000
  0.000
  0.000
  0.000
  0.000
  0.000
  0.000
  0.000
  0.000
  0.000
  0.000
  2.946
  0.000
  0.000
  1.408
  0.000
  2.734
  0.000
  2.656
  0.000
  0.000
  0.000
  0.000
  0.000
  0.000
  2.407
  0.000
  3.513
  1.155
  3.419
  1.125
  2.220
  1.095
  3.243
  0.000
  1.053
  1.040
  0.000
  1.014
  1.001
  2.967
  3.907
  0.965
  3.812
  1.883
  0.000
  0.000
  0.000
  0.897
  0.000
  0.876
  0.000
  1.712
  0.846
  1.673
  2.481
  1.635
  1.617
  0.000
  0.791
  0.000
  0.773
  0.000
  0.757
  0.000
  0.740
  0.000
  0.000
  0.000
  0.709
  0.000
  0.000
  0.000
  0.000
  0.673
  0.666
  0.660
  0.000
  0.000
  0.000
  0.000
  1.255
  1.864
  0.615
  1.218
  1.810
  0.597
  0.592
  0.586
  1.161
  1.725
  0.569
  0.564
  2.794
  0.554
  3.840
  1.087
  0.538
  2.134
  1.057
  1.048
  1.038
  1.544
  1.020
  0.505
  2.505
  1.490
  1.477
  0.488
  0.967
  1.438
  0.951
  1.885
  1.402
  1.390
  2.297
  0.911
  0.000
  1.343
  1.332
  1.321
  1.310
  1.300
  0.430
  0.426
  0.423
  1.258
  0.000
  1.238
  0.818
  0.812
  0.403
  1.598
  0.000
  0.393
  0.000
  0.1226168E+03  0.1226168E+03
  0.000
  0.000
  0.000
  0.000
  0.000
  0.000
  0.000
  0.000
  0.000
  0.000
  0.000
  0.000
  0.000
  0.000
  0.000
  0.000
  0.000
332.623
  0.000
  0.000
  0.000
  0.000
  0.000
  0.000
  0.000
  0.000
  0.000
  0.000
156.791
 29.269
  0.000
  0.000
  0.000
  0.000
  0.000
  0.000
  0.000
  0.000
  0.000
  0.000
  0.000
  0.000
  0.000
  0.000
  0.000
  0.000
  0.000
  0.000
  0.000
  0.000
  0.000
  0.000
  0.000
  0.000
  0.000
  0.000
  0.000
  0.000
  0.000
  0.000
  0.000
  0.000
  0.000
  0.000
  0.000
  0.000
  0.000
  0.000
  0.000
  0.000
  0.000
  0.000
  0.000
  0.000
  0.000
  0.000
  0.000
  0.000
  0.000
  0.000
  0.000
  0.000
  0.000
  0.000
  0.000
  0.000
  0.000
  0.000
  0.000
  0.000
  0.000
  0.000
  0.000
  0.000
  0.000
  0.000
  0.000
  0.000
  0.000
  0.000
  0.000
  0.000
  0.000
  0.000
  0.000
  0.000
  0.000
  0.000
  0.000
  0.000
  0.000
  0.000
  0.000
  0.000
  0.000
  0.000
  0.000
  0.000
  0.000
  0.000
  0.000
  0.000
  0.000
  0.000
  0.000
  0.000
  0.000
  0.000
  0.000
  0.000
  2.992
  0.000
  0.000
  1.429
  0.000
  1.387
  1.367
  0.000
  2.656
  0.000
  0.000
  0.000
  0.000
  0.000
  0.000
  2.407
  3.561
  0.000
  3.465
  1.140
  1.125
  2.220
  2.191
  2.162
  0.000
  1.053
  1.040
  0.000
  1.014
  0.000
  2.967
  4.883
  1.929
  2.859
  1.883
  0.000
  0.000
  0.000
  0.897
  0.000
  0.876
  0.000
  0.856
  1.692
  0.837
  1.654
  2.453
  1.617
  0.799
  0.791
  0.000
  0.000
  0.765
  0.757
  0.000
  0.740
  0.000
  0.000
  0.000
  0.000
  0.702
  0.000
  0.000
  0.000
  1.347
  0.666
  0.000
  0.000
  0.000
  0.000
  0.634
  1.255
  1.242
  0.615
  2.436
  0.603
  0.597
  1.183
  1.172
  0.580
  1.150
  1.139
  1.128
  2.235
  1.661
  2.194
  1.087
  1.077
  1.067
  2.115
  1.048
  0.519
  1.029
  1.530
  1.516
  1.002
  0.993
  1.969
  0.976
  0.967
  1.438
  0.951
  1.885
  0.934
  0.926
  2.297
  1.822
  0.000
  0.896
  0.888
  2.202
  0.874
  1.733
  0.000
  0.852
  0.423
  0.419
  0.832
  0.413
  1.228
  0.812
  0.805
  1.598
  0.000
  0.393
  0.000
  0.7026854E+02  0.7026854E+02
  0.000
  0.000
  0.000
  0.000
  0.000
  0.000
  0.000
  0.000
  0.000
  0.000
  0.000
  0.000
  0.000
  0.000
  0.000
  0.000
  0.000
166.311
148.822
  0.000
  0.000
  0.000
  0.000
  0.000
  0.000
  0.000
  0.000
  0.000
 94.075
 58.537
 27.381
  0.000
  0.000
  0.000
  0.000
  0.000
  0.000
  0.000
  0.000
  0.000
  0.000
  0.000
  0.000
  0.000
  0.000
  0.000
  0.000
  0.000
  0.000
  0.000
  0.000
  0.000
  0.000
  0.000
  0.000
  0.000
  0.000
  0.000
  0.000
  0.000
  0.000
  0.000
  0.000
  0.000
  0.000
  0.000
  0.000
  0.000
  0.000
  0.000
  0.000
  0.000
  0.000
  0.000
  0.000
  0.000
  0.000
  0.000
  0.000
  0.000
  0.000
  0.000
  0.000
  0.000
  0.000
  0.000
  0.000
  0.000
  0.000
  0.000
  0.000
  0.000
  0.000
  0.000
  0.000
  0.000
  0.000
  0.000
  0.000
  0.000
  0.000
  0.000
  0.000
  0.000
  0.000
  0.000
  0.000
  0.000
  0.000
  0.000
  0.000
  0.000
  0.000
  0.000
  0.000
  0.000
  0.000
  0.000
  0.000
  0.000
  0.000
  0.000
  0.000
  0.000
  0.000
  0.000
  0.000
  0.000
  0.000
  0.000
  2.992
  0.000
  0.000
  1.429
  0.000
  2.775
  0.000
  1.347
  1.328
  0.000
  0.000
  0.000
  0.000
  0.000
  1.220
  2.407
  2.374
  0.000
  4.621
  0.000
  1.125
  2.220
  2.191
  1.081
  1.067
  1.053
  1.040
  0.000
  1.014
  0.000
  3.955
  1.953
  3.859
  2.859
  0.941
  0.930
  0.000
  0.000
  0.897
  0.887
  0.000
  0.866
  0.000
  1.692
  0.000
  1.654
  3.271
  1.617
  0.799
  0.000
  0.782
  0.000
  0.765
  0.000
  0.748
  0.740
  0.000
  0.000
  0.000
  0.000
  0.702
  0.000
  0.000
  0.680
  0.673
  0.666
  0.000
  0.000
  0.000
  0.000
  0.634
  1.255
  1.864
  0.615
  2.436
  0.000
  0.597
  1.183
  1.172
  0.000
  1.725
  1.708
  0.564
  2.235
  1.107
  3.291
  0.543
  1.077
  0.534
  3.172
  1.048
  0.000
  1.029
  1.530
  2.022
  0.501
  0.993
  1.477
  1.464
  0.967
  0.479
  2.377
  0.942
  1.402
  1.390
  1.837
  1.822
  0.000
  0.448
  1.332
  0.881
  1.747
  2.166
  0.000
  0.852
  0.423
  0.419
  0.832
  0.413
  1.637
  0.406
  0.805
  0.799
  1.189
  0.000
  0.000
  0.9424655E+02  0.9424655E+02
  0.000
  0.000
  0.000
  0.000
  0.000
  0.000
  0.000
  0.000
  0.000
  0.000
  0.000
  0.000
  0.000
  0.000
  0.000
  0.000
 93.537
166.311
 74.411
  0.000
  0.000
  0.000
  0.000
  0.000
  0.000
  0.000
  0.000
  0.000
156.791
 29.269
  0.000
  0.000
  0.000
  0.000
  0.000
  0.000
  0.000
  0.000
  0.000
  0.000
  0.000
  0.000
  0.000
  0.000
  0.000
  0.000
  0.000
  0.000
  0.000
  0.000
  0.000
  0.000
  0.000
  0.000
  0.000
  0.000
  0.000
  0.000
  0.000
  0.000
  0.000
  0.000
  0.000
  0.000
  0.000
  0.000
  0.000
  0.000
  0.000
  0.000
  0.000
  0.000
  0.000
  0.000
  0.000
  0.000
  0.000
  0.000
  0.000
  0.000
  0.000
  0.000
  0.000
  0.000
  0.000
  0.000
  0.000
  0.000
  0.000
  0.000
  0.000
  0.000
  0.000
  0.000
  0.000
  0.000
  0.000
  0.000
  0.000
  0.000
  0.000
  0.000
  0.000
  0.000
  0.000
  0.000
  0.000
  0.000
  0.000
  0.000
  0.000
  0.000
  0.000
  0.000
  0.000
  0.000
  0.000
  0.000
  0.000
  0.000
  0.000
  0.000
  0.000
  0.000
  0.000
  0.000
  0.000
  0.000
  0.000
  0.000
  1.496
  1.473
  0.000
  1.429
  0.000
  1.387
  1.367
  1.347
  0.000
  1.309
  0.000
  0.000
  0.000
  0.000
  1.220
  1.203
  2.374
  1.171
  4.621
  0.000
  1.125
  1.110
  2.191
  2.162
  1.067
  0.000
  2.080
  0.000
  1.014
  0.000
  2.967
  3.907
  3.859
  1.906
  1.883
  0.000
  0.000
  0.000
  0.897
  0.887
  0.000
  0.866
  1.712
  0.000
  0.000
  2.481
  2.453
  2.426
  0.000
  0.791
  0.000
  0.773
  0.000
  0.000
  0.748
  0.740
  0.000
  0.000
  0.000
  0.000
  0.702
  0.000
  0.000
  0.000
  1.347
  0.666
  0.000
  0.000
  0.000
  0.000
  0.000
  1.255
  0.621
  1.845
  2.436
  0.603
  0.597
  1.183
  0.586
  0.580
  1.725
  0.569
  2.256
  0.559
  2.215
  2.743
  1.087
  1.077
  0.000
  2.644
  1.572
  1.558
  0.515
  1.020
  1.516
  1.002
  0.993
  1.969
  0.976
  0.967
  0.000
  2.852
  1.414
  0.934
  1.853
  1.837
  0.911
  0.903
  0.896
  0.888
  0.440
  2.621
  1.300
  0.000
  1.278
  0.000
  0.419
  0.832
  0.825
  1.228
  0.406
  1.208
  1.199
  0.000
  0.393
  0.000
  0.1416748E+03  0.1416748E+03
  0.000
  0.000
  0.000
  0.000
  0.000
  0.000
  0.000
  0.000
  0.000
  0.000
  0.000
  0.000
  0.000
  0.000
  0.000
  0.000
 93.537
249.467
  0.000
  0.000
  0.000
  0.000
  0.000
  0.000
  0.000
  0.000
  0.000
 67.360
 94.075
 29.269
  0.000
  0.000
  0.000
  0.000
  0.000
  0.000
  0.000
  0.000
  0.000
  0.000
  0.000
  0.000
  0.000
  0.000
  0.000
  0.000
  0.000
  0.000
  0.000
  0.000
  0.000
  0.000
  0.000
  0.000
  0.000
  0.000
  0.000
  0.000
  0.000
  0.000
  0.000
  0.000
  0.000
  0.000
  0.000
  0.000
  0.000
  0.000
  0.000
  0.000
  0.000
  0.000
  0.000
  0.000
  0.000
  0.000
  0.000
  0.000
  0.000
  0.000
  0.000
  0.000
  0.000
  0.000
  0.000
  0.000
  0.000
  0.000
  0.000
  0.000
  0.000
  0.000
  0.000
  0.000
  0.000
  0.000
  0.000
  0.000
  0.000
  0.000
  0.000
  0.000
  0.000
  0.000
  0.000
  0.000
  0.000
  0.000
  0.000
  0.000
  0.000
  0.000
  0.000
  0.000
  0.000
  0.000
  0.000
  0.000
  0.000
  0.000
  0.000
  0.000
  0.000
  0.000
  0.000
  0.000
  0.000
  0.000
  0.000
  0.000
  0.000
  2.946
  0.000
  1.429
  1.408
  0.000
  1.367
  0.000
  2.656
  0.000
  0.000
  0.000
  0.000
  0.000
  1.220
  0.000
  2.374
  2.342
  3.465
  1.140
  1.125
  1.110
  2.191
  2.162
  0.000
  1.053
  1.040
  1.027
  0.000
  3.004
  0.989
  4.883
  2.894
  1.906
  1.883
  0.000
  0.000
  0.000
  0.897
  0.887
  0.000
  0.866
  0.856
  0.846
  0.837
  4.135
  0.000
  0.809
  0.799
  0.791
  0.782
  0.773
  0.000
  0.757
  0.748
  0.000
  0.000
  0.000
  0.000
  0.709
  0.000
  0.000
  0.000
  0.000
  1.347
  0.000
  0.660
  0.000
  0.000
  0.000
  0.000
  0.627
  1.242
  1.845
  2.436
  0.000
  1.792
  0.592
  0.586
  0.000
  1.150
  1.708
  2.256
  0.559
  1.661
  3.291
  1.087
  1.077
  0.000
  2.115
  2.096
  1.038
  0.515
  2.040
  1.011
  1.002
  1.490
  1.969
  0.488
  0.967
  0.000
  1.426
  2.827
  0.467
  2.316
  1.837
  0.911
  0.452
  1.343
  0.444
  2.202
  1.747
  0.866
  0.000
  1.278
  0.423
  0.000
  0.416
  1.238
  1.228
  0.406
  1.611
  0.799
  0.000
  0.000
  0.780
