   1   5   1   0  0.1957784E+03  0.5000000E+02
  CAR 
 unknown system                          
   0   0   0
   1   1
 256 256 256
 256
  0.1000000E-09
  0.6250000E-11
  10
  0.2000000E-14  0.9913971E-09  0.9784226E-09  0.1009335E-08
  0.4997997E+02  0.4997997E+02
  0.000
  0.000
  0.000
  0.000
  0.000
  0.000
  0.000
  0.000
  0.000
  0.000
  0.000
  0.000
  0.000
  0.000
  0.000
  0.000
  0.000
333.304
  0.000
  0.000
  0.000
  0.000
  0.000
  0.000
  0.000
  0.000
  0.000
  0.000
188.535
  0.000
  0.000
  0.000
  0.000
  0.000
  0.000
  0.000
  0.000
  0.000
  0.000
  0.000
  0.000
  0.000
  0.000
  0.000
  0.000
  0.000
  0.000
  0.000
  0.000
  0.000
  0.000
  0.000
  0.000
  0.000
  0.000
  0.000
  0.000
  0.000
  0.000
  0.000
  0.000
  0.000
  0.000
  0.000
  0.000
  0.000
  0.000
  0.000
  0.000
  0.000
  0.000
  0.000
  0.000
  0.000
  0.000
  0.000
  0.000
  0.000
  0.000
  0.000
  0.000
  0.000
  0.000
  0.000
  0.000
  0.000
  0.000
  0.000
  0.000
  0.000
  0.000
  0.000
  0.000
  0.000
  0.000
  0.000
  0.000
  0.000
  0.000
  0.000
  0.000
  0.000
  0.000
  0.000
  0.000
  0.000
  0.000
  0.000
  0.000
  0.000
  0.000
  0.000
  0.000
  0.000
  0.000
  0.000
  0.000
  0.000
  0.000
  0.000
  0.000
  0.000
  0.000
  0.000
  0.000
  0.000
  0.000
  0.000
  0.000
  0.000
  0.000
  0.000
  2.908
  0.000
  2.822
  0.000
  1.370
  0.000
  1.331
  0.000
  0.000
  2.550
  0.000
  0.000
  0.000
  1.206
  2.379
  3.520
  2.315
  1.142
  1.127
  2.224
  0.000
  1.083
  0.000
  2.111
  0.000
  2.058
  0.000
  3.010
  0.991
  1.957
  3.867
  1.910
  1.887
  1.864
  1.842
  0.000
  0.000
  0.888
  0.878
  1.736
  0.000
  0.000
  0.000
  2.486
  1.639
  0.000
  0.801
  0.792
  0.783
  1.550
  0.766
  0.758
  0.000
  0.000
  0.000
  0.000
  0.000
  0.000
  0.703
  0.000
  0.000
  0.000
  0.675
  0.000
  0.000
  0.654
  0.648
  0.000
  1.905
  0.000
  0.000
  2.466
  1.221
  0.000
  0.599
  0.593
  2.349
  1.163
  1.152
  1.141
  0.565
  1.120
  3.883
  0.000
  1.089
  0.540
  2.139
  2.119
  1.575
  1.561
  2.578
  1.022
  2.026
  0.502
  0.498
  0.493
  1.467
  0.000
  2.402
  1.429
  0.944
  1.404
  0.928
  2.301
  1.369
  0.905
  0.449
  1.335
  1.765
  1.751
  0.434
  0.431
  0.000
  0.847
  0.420
  1.667
  0.827
  1.230
  0.407
  0.807
  1.201
  0.000
  0.394
  0.391
  0.6000437E+02  0.6000437E+02
  0.000
  0.000
  0.000
  0.000
  0.000
  0.000
  0.000
  0.000
  0.000
  0.000
  0.000
  0.000
  0.000
  0.000
  0.000
  0.000
  0.000
333.304
  0.000
  0.000
  0.000
  0.000
  0.000
  0.000
  0.000
  0.000
  0.000
  0.000
125.690
 58.657
  0.000
  0.000
  0.000
  0.000
  0.000
  0.000
  0.000
  0.000
  0.000
  0.000
  0.000
  0.000
  0.000
  0.000
  0.000
  0.000
  0.000
  0.000
  0.000
  0.000
  0.000
  0.000
  0.000
  0.000
  0.000
  0.000
  0.000
  0.000
  0.000
  0.000
  0.000
  0.000
  0.000
  0.000
  0.000
  0.000
  0.000
  0.000
  0.000
  0.000
  0.000
  0.000
  0.000
  0.000
  0.000
  0.000
  0.000
  0.000
  0.000
  0.000
  0.000
  0.000
  0.000
  0.000
  0.000
  0.000
  0.000
  0.000
  0.000
  0.000
  0.000
  0.000
  0.000
  0.000
  0.000
  0.000
  0.000
  0.000
  0.000
  0.000
  0.000
  0.000
  0.000
  0.000
  0.000
  0.000
  0.000
  0.000
  0.000
  0.000
  0.000
  0.000
  0.000
  0.000
  0.000
  0.000
  0.000
  0.000
  0.000
  0.000
  0.000
  0.000
  0.000
  0.000
  0.000
  0.000
  0.000
  0.000
  0.000
  0.000
  0.000
  1.476
  1.454
  1.432
  1.411
  0.000
  0.000
  1.350
  1.331
  0.000
  1.293
  1.275
  0.000
  0.000
  0.000
  1.206
  3.568
  2.346
  2.315
  1.142
  1.127
  2.224
  0.000
  0.000
  3.208
  0.000
  0.000
  1.029
  2.032
  1.003
  2.973
  0.979
  1.933
  2.865
  3.773
  0.932
  0.921
  0.910
  0.000
  0.888
  0.878
  0.868
  0.858
  0.000
  0.000
  2.486
  0.819
  0.810
  0.000
  1.584
  0.000
  2.325
  0.766
  0.758
  0.000
  0.000
  0.000
  0.000
  0.000
  0.000
  0.703
  0.000
  0.000
  0.000
  0.675
  0.000
  0.000
  1.309
  0.000
  0.000
  0.635
  1.257
  0.622
  1.849
  1.221
  0.000
  1.197
  0.000
  2.349
  0.582
  1.152
  2.283
  0.000
  1.120
  2.774
  1.099
  1.089
  0.540
  2.673
  2.649
  0.525
  1.561
  2.578
  0.511
  2.532
  0.502
  0.498
  0.493
  0.978
  0.485
  2.402
  1.905
  0.000
  1.404
  1.857
  1.841
  1.369
  0.905
  0.449
  0.890
  1.324
  2.626
  0.434
  0.431
  0.000
  0.847
  0.420
  1.250
  1.240
  1.230
  0.407
  0.807
  0.801
  0.397
  0.394
  0.391
  0.4110429E+02  0.4110429E+02
  0.000
  0.000
  0.000
  0.000
  0.000
  0.000
  0.000
  0.000
  0.000
  0.000
  0.000
  0.000
  0.000
  0.000
  0.000
  0.000
  0.000
249.978
 74.563
  0.000
  0.000
  0.000
  0.000
  0.000
  0.000
  0.000
  0.000
 33.749
 62.845
 87.985
  0.000
  0.000
  0.000
  0.000
  0.000
  0.000
  0.000
  0.000
  0.000
  0.000
  0.000
  0.000
  0.000
  0.000
  0.000
  0.000
  0.000
  0.000
  0.000
  0.000
  0.000
  0.000
  0.000
  0.000
  0.000
  0.000
  0.000
  0.000
  0.000
  0.000
  0.000
  0.000
  0.000
  0.000
  0.000
  0.000
  0.000
  0.000
  0.000
  0.000
  0.000
  0.000
  0.000
  0.000
  0.000
  0.000
  0.000
  0.000
  0.000
  0.000
  0.000
  0.000
  0.000
  0.000
  0.000
  0.000
  0.000
  0.000
  0.000
  0.000
  0.000
  0.000
  0.000
  0.000
  0.000
  0.000
  0.000
  0.000
  0.000
  0.000
  0.000
  0.000
  0.000
  0.000
  0.000
  0.000
  0.000
  0.000
  0.000
  0.000
  0.000
  0.000
  0.000
  0.000
  0.000
  0.000
  0.000
  0.000
  0.000
  0.000
  0.000
  0.000
  0.000
  0.000
  0.000
  0.000
  0.000
  0.000
  0.000
  0.000
  0.000
  1.476
  1.454
  1.432
  1.411
  0.000
  0.000
  1.350
  1.331
  0.000
  1.293
  1.275
  0.000
  0.000
  0.000
  1.206
  3.568
  1.173
  3.472
  1.142
  1.127
  2.224
  0.000
  0.000
  3.208
  0.000
  0.000
  1.029
  2.032
  0.000
  3.964
  0.979
  1.933
  0.955
  4.716
  1.864
  0.921
  0.910
  0.000
  0.888
  0.878
  0.868
  0.858
  0.000
  0.000
  2.486
  0.819
  0.810
  0.801
  0.000
  0.783
  2.325
  0.766
  0.000
  0.750
  0.000
  0.000
  0.000
  0.000
  0.000
  0.703
  0.000
  0.000
  0.682
  0.000
  0.000
  0.000
  1.309
  0.000
  0.000
  0.635
  1.257
  1.867
  1.233
  0.000
  0.604
  1.197
  0.000
  1.762
  0.582
  1.728
  1.712
  0.565
  1.680
  1.664
  2.199
  0.545
  0.540
  2.673
  2.119
  1.050
  1.561
  2.578
  1.022
  1.519
  1.004
  0.498
  0.986
  0.000
  1.454
  1.922
  1.429
  0.472
  1.404
  1.857
  1.381
  1.369
  0.905
  0.897
  0.445
  2.207
  2.188
  0.434
  0.431
  0.000
  0.424
  0.840
  0.833
  2.067
  1.230
  0.407
  0.000
  1.201
  0.397
  0.394
  0.000
  0.5783097E+02  0.5783097E+02
  0.000
  0.000
  0.000
  0.000
  0.000
  0.000
  0.000
  0.000
  0.000
  0.000
  0.000
  0.000
  0.000
  0.000
  0.000
  0.000
  0.000
249.978
 74.563
  0.000
  0.000
  0.000
  0.000
  0.000
  0.000
  0.000
  0.000
 33.749
 94.267
 58.657
  0.000
  0.000
  0.000
  0.000
  0.000
  0.000
  0.000
  0.000
  0.000
  0.000
  0.000
  0.000
  0.000
  0.000
  0.000
  0.000
  0.000
  0.000
  0.000
  0.000
  0.000
  0.000
  0.000
  0.000
  0.000
  0.000
  0.000
  0.000
  0.000
  0.000
  0.000
  0.000
  0.000
  0.000
  0.000
  0.000
  0.000
  0.000
  0.000
  0.000
  0.000
  0.000
  0.000
  0.000
  0.000
  0.000
  0.000
  0.000
  0.000
  0.000
  0.000
  0.000
  0.000
  0.000
  0.000
  0.000
  0.000
  0.000
  0.000
  0.000
  0.000
  0.000
  0.000
  0.000
  0.000
  0.000
  0.000
  0.000
  0.000
  0.000
  0.000
  0.000
  0.000
  0.000
  0.000
  0.000
  0.000
  0.000
  0.000
  0.000
  0.000
  0.000
  0.000
  0.000
  0.000
  0.000
  0.000
  0.000
  0.000
  0.000
  0.000
  0.000
  0.000
  0.000
  0.000
  0.000
  0.000
  0.000
  0.000
  0.000
  0.000
  0.000
  2.908
  1.432
  1.411
  0.000
  0.000
  1.350
  1.331
  0.000
  1.293
  1.275
  0.000
  0.000
  0.000
  1.206
  2.379
  2.346
  3.472
  2.284
  0.000
  2.224
  0.000
  0.000
  2.139
  1.056
  0.000
  1.029
  2.032
  1.003
  2.973
  0.979
  2.900
  0.955
  3.773
  2.796
  0.000
  0.910
  0.000
  1.777
  0.000
  0.868
  0.858
  0.000
  0.000
  2.486
  0.819
  0.810
  0.801
  0.000
  0.783
  3.099
  0.000
  0.000
  0.750
  0.000
  0.000
  0.000
  0.000
  0.000
  0.703
  0.000
  0.000
  0.682
  0.000
  0.000
  0.000
  1.309
  0.000
  0.000
  0.635
  1.257
  1.867
  0.616
  0.610
  1.209
  0.599
  0.000
  1.762
  1.163
  1.152
  1.712
  0.565
  1.680
  1.110
  2.748
  1.089
  0.540
  1.069
  3.179
  1.575
  1.561
  2.578
  0.000
  2.026
  0.502
  0.995
  0.986
  0.000
  0.969
  2.402
  1.429
  0.472
  1.404
  2.785
  0.460
  1.825
  0.453
  0.449
  0.890
  2.648
  1.751
  0.434
  0.431
  0.000
  0.424
  0.840
  0.833
  2.067
  1.230
  0.407
  0.404
  0.801
  0.397
  0.394
  0.000
  0.8988934E+02  0.8988934E+02
  0.000
  0.000
  0.000
  0.000
  0.000
  0.000
  0.000
  0.000
  0.000
  0.000
  0.000
  0.000
  0.000
  0.000
  0.000
  0.000
  0.000
333.304
  0.000
  0.000
  0.000
  0.000
  0.000
  0.000
  0.000
  0.000
  0.000
  0.000
125.690
 58.657
  0.000
  0.000
  0.000
  0.000
  0.000
  0.000
  0.000
  0.000
  0.000
  0.000
  0.000
  0.000
  0.000
  0.000
  0.000
  0.000
  0.000
  0.000
  0.000
  0.000
  0.000
  0.000
  0.000
  0.000
  0.000
  0.000
  0.000
  0.000
  0.000
  0.000
  0.000
  0.000
  0.000
  0.000
  0.000
  0.000
  0.000
  0.000
  0.000
  0.000
  0.000
  0.000
  0.000
  0.000
  0.000
  0.000
  0.000
  0.000
  0.000
  0.000
  0.000
  0.000
  0.000
  0.000
  0.000
  0.000
  0.000
  0.000
  0.000
  0.000
  0.000
  0.000
  0.000
  0.000
  0.000
  0.000
  0.000
  0.000
  0.000
  0.000
  0.000
  0.000
  0.000
  0.000
  0.000
  0.000
  0.000
  0.000
  0.000
  0.000
  0.000
  0.000
  0.000
  0.000
  0.000
  0.000
  0.000
  0.000
  0.000
  0.000
  0.000
  0.000
  0.000
  0.000
  0.000
  0.000
  0.000
  0.000
  0.000
  0.000
  0.000
  0.000
  1.454
  4.297
  0.000
  0.000
  0.000
  1.350
  1.331
  0.000
  1.293
  1.275
  0.000
  0.000
  0.000
  0.000
  3.568
  3.520
  2.315
  2.284
  1.127
  1.112
  0.000
  0.000
  2.139
  1.056
  0.000
  1.029
  1.016
  2.007
  2.973
  0.000
  3.867
  1.910
  1.887
  3.728
  0.000
  0.910
  0.000
  1.777
  0.000
  0.868
  0.858
  0.000
  0.000
  0.829
  2.458
  0.810
  0.801
  0.792
  0.000
  3.099
  0.000
  0.000
  0.750
  0.000
  0.000
  0.000
  0.000
  0.000
  0.703
  0.000
  0.000
  0.682
  0.000
  0.000
  0.000
  1.309
  0.000
  0.000
  0.635
  1.257
  1.867
  0.000
  1.831
  0.604
  0.599
  0.000
  2.349
  1.163
  0.576
  1.712
  0.565
  0.560
  3.329
  1.099
  1.634
  0.540
  1.604
  1.060
  2.625
  1.561
  2.578
  1.022
  1.519
  1.004
  0.498
  0.493
  0.489
  0.485
  3.363
  0.953
  0.472
  1.873
  1.393
  1.381
  2.282
  0.000
  0.449
  1.335
  1.765
  2.188
  0.434
  0.431
  0.000
  0.424
  0.840
  0.417
  2.480
  0.820
  0.814
  0.404
  1.201
  0.000
  0.394
  0.391
  0.1002894E+03  0.1002894E+03
  0.000
  0.000
  0.000
  0.000
  0.000
  0.000
  0.000
  0.000
  0.000
  0.000
  0.000
  0.000
  0.000
  0.000
  0.000
  0.000
  0.000
249.978
 74.563
  0.000
  0.000
  0.000
  0.000
  0.000
  0.000
  0.000
  0.000
 33.749
 31.422
117.314
  0.000
  0.000
  0.000
  0.000
  0.000
  0.000
  0.000
  0.000
  0.000
  0.000
  0.000
  0.000
  0.000
  0.000
  0.000
  0.000
  0.000
  0.000
  0.000
  0.000
  0.000
  0.000
  0.000
  0.000
  0.000
  0.000
  0.000
  0.000
  0.000
  0.000
  0.000
  0.000
  0.000
  0.000
  0.000
  0.000
  0.000
  0.000
  0.000
  0.000
  0.000
  0.000
  0.000
  0.000
  0.000
  0.000
  0.000
  0.000
  0.000
  0.000
  0.000
  0.000
  0.000
  0.000
  0.000
  0.000
  0.000
  0.000
  0.000
  0.000
  0.000
  0.000
  0.000
  0.000
  0.000
  0.000
  0.000
  0.000
  0.000
  0.000
  0.000
  0.000
  0.000
  0.000
  0.000
  0.000
  0.000
  0.000
  0.000
  0.000
  0.000
  0.000
  0.000
  0.000
  0.000
  0.000
  0.000
  0.000
  0.000
  0.000
  0.000
  0.000
  0.000
  0.000
  0.000
  0.000
  0.000
  0.000
  0.000
  0.000
  0.000
  0.000
  1.454
  4.297
  0.000
  0.000
  1.370
  0.000
  1.331
  0.000
  1.293
  1.275
  0.000
  0.000
  0.000
  0.000
  2.379
  4.693
  2.315
  2.284
  1.127
  1.112
  0.000
  1.083
  1.069
  1.056
  1.042
  0.000
  2.032
  2.007
  0.991
  0.979
  2.900
  3.819
  0.000
  4.660
  0.000
  0.910
  0.000
  0.000
  2.634
  0.000
  0.858
  0.000
  0.000
  0.000
  3.278
  1.620
  0.000
  0.792
  0.783
  1.550
  0.000
  0.758
  0.000
  0.742
  0.000
  0.000
  0.000
  0.000
  0.703
  0.000
  0.000
  0.682
  0.000
  0.000
  0.000
  0.654
  0.648
  0.641
  0.635
  1.886
  0.000
  0.616
  1.831
  0.604
  0.599
  0.000
  1.762
  1.745
  0.576
  1.712
  0.565
  0.560
  2.774
  1.649
  2.178
  0.000
  1.604
  0.530
  3.150
  3.122
  0.516
  1.533
  1.013
  1.506
  0.498
  0.493
  0.489
  1.939
  1.441
  0.953
  1.417
  1.404
  0.928
  1.841
  1.825
  0.905
  0.000
  1.335
  3.089
  0.438
  0.434
  0.861
  0.000
  0.424
  0.420
  1.250
  2.067
  0.820
  0.000
  1.614
  0.801
  0.000
  0.394
  0.782
  0.1015468E+03  0.1015468E+03
  0.000
  0.000
  0.000
  0.000
  0.000
  0.000
  0.000
  0.000
  0.000
  0.000
  0.000
  0.000
  0.000
  0.000
  0.000
  0.000
  0.000
333.304
  0.000
  0.000
  0.000
  0.000
  0.000
  0.000
  0.000
  0.000
  0.000
 33.749
 94.267
 58.657
  0.000
  0.000
  0.000
  0.000
  0.000
  0.000
  0.000
  0.000
  0.000
  0.000
  0.000
  0.000
  0.000
  0.000
  0.000
  0.000
  0.000
  0.000
  0.000
  0.000
  0.000
  0.000
  0.000
  0.000
  0.000
  0.000
  0.000
  0.000
  0.000
  0.000
  0.000
  0.000
  0.000
  0.000
  0.000
  0.000
  0.000
  0.000
  0.000
  0.000
  0.000
  0.000
  0.000
  0.000
  0.000
  0.000
  0.000
  0.000
  0.000
  0.000
  0.000
  0.000
  0.000
  0.000
  0.000
  0.000
  0.000
  0.000
  0.000
  0.000
  0.000
  0.000
  0.000
  0.000
  0.000
  0.000
  0.000
  0.000
  0.000
  0.000
  0.000
  0.000
  0.000
  0.000
  0.000
  0.000
  0.000
  0.000
  0.000
  0.000
  0.000
  0.000
  0.000
  0.000
  0.000
  0.000
  0.000
  0.000
  0.000
  0.000
  0.000
  0.000
  0.000
  0.000
  0.000
  0.000
  0.000
  0.000
  0.000
  0.000
  0.000
  0.000
  1.454
  4.297
  0.000
  1.390
  0.000
  0.000
  1.331
  0.000
  0.000
  2.550
  0.000
  0.000
  0.000
  0.000
  3.568
  2.346
  3.472
  2.284
  1.127
  1.112
  1.098
  0.000
  1.069
  1.056
  1.042
  0.000
  2.032
  2.007
  0.991
  1.957
  1.933
  3.819
  0.000
  2.796
  1.842
  0.910
  0.000
  0.000
  1.756
  1.736
  0.000
  0.000
  0.000
  1.657
  1.639
  1.620
  0.000
  0.792
  0.783
  1.550
  0.000
  0.758
  0.000
  0.742
  0.000
  0.000
  0.000
  0.000
  0.703
  0.000
  0.000
  0.000
  0.675
  0.000
  0.000
  0.000
  1.296
  0.641
  0.635
  1.886
  0.000
  0.616
  1.221
  1.209
  0.599
  0.000
  1.762
  1.745
  1.152
  1.141
  0.565
  1.120
  2.774
  1.099
  1.634
  0.540
  1.604
  1.060
  2.625
  2.601
  1.031
  2.044
  0.506
  1.004
  0.995
  0.986
  0.489
  2.423
  0.000
  1.905
  0.472
  1.873
  0.928
  1.841
  1.369
  1.358
  0.000
  1.335
  2.648
  0.438
  0.868
  0.861
  0.000
  0.424
  1.260
  0.417
  2.067
  0.410
  0.407
  1.614
  0.801
  0.000
  0.394
  0.782
  0.5449076E+02  0.5449076E+02
  0.000
  0.000
  0.000
  0.000
  0.000
  0.000
  0.000
  0.000
  0.000
  0.000
  0.000
  0.000
  0.000
  0.000
  0.000
  0.000
  0.000
333.304
  0.000
  0.000
  0.000
  0.000
  0.000
  0.000
  0.000
  0.000
  0.000
 33.749
125.690
 29.328
  0.000
  0.000
  0.000
  0.000
  0.000
  0.000
  0.000
  0.000
  0.000
  0.000
  0.000
  0.000
  0.000
  0.000
  0.000
  0.000
  0.000
  0.000
  0.000
  0.000
  0.000
  0.000
  0.000
  0.000
  0.000
  0.000
  0.000
  0.000
  0.000
  0.000
  0.000
  0.000
  0.000
  0.000
  0.000
  0.000
  0.000
  0.000
  0.000
  0.000
  0.000
  0.000
  0.000
  0.000
  0.000
  0.000
  0.000
  0.000
  0.000
  0.000
  0.000
  0.000
  0.000
  0.000
  0.000
  0.000
  0.000
  0.000
  0.000
  0.000
  0.000
  0.000
  0.000
  0.000
  0.000
  0.000
  0.000
  0.000
  0.000
  0.000
  0.000
  0.000
  0.000
  0.000
  0.000
  0.000
  0.000
  0.000
  0.000
  0.000
  0.000
  0.000
  0.000
  0.000
  0.000
  0.000
  0.000
  0.000
  0.000
  0.000
  0.000
  0.000
  0.000
  0.000
  0.000
  0.000
  0.000
  0.000
  0.000
  0.000
  0.000
  0.000
  1.454
  4.297
  0.000
  1.390
  0.000
  0.000
  1.331
  0.000
  0.000
  2.550
  0.000
  0.000
  0.000
  0.000
  3.568
  1.173
  4.630
  1.142
  2.254
  1.112
  1.098
  0.000
  2.139
  0.000
  1.042
  0.000
  2.032
  2.007
  0.991
  1.957
  1.933
  2.865
  0.943
  1.864
  2.762
  0.000
  0.899
  0.000
  2.634
  0.868
  0.000
  0.000
  0.000
  2.486
  1.639
  0.810
  0.801
  0.000
  0.000
  2.325
  0.000
  0.758
  0.750
  0.000
  0.000
  0.000
  0.000
  0.711
  0.000
  0.000
  0.000
  0.000
  0.675
  0.000
  0.000
  0.654
  0.648
  0.641
  0.635
  1.886
  0.000
  1.233
  0.610
  0.604
  1.197
  0.000
  1.762
  1.163
  1.728
  1.141
  0.565
  1.120
  2.219
  1.649
  1.634
  0.540
  2.139
  0.530
  2.100
  2.081
  1.547
  2.044
  2.026
  0.000
  0.995
  0.986
  0.978
  1.939
  0.000
  1.905
  0.472
  1.873
  0.928
  1.841
  2.282
  0.000
  0.897
  0.890
  2.207
  1.313
  0.434
  0.861
  0.000
  1.271
  0.420
  1.250
  0.413
  1.230
  0.407
  1.614
  0.400
  0.794
  0.000
  0.391
  0.5449104E+02  0.5449104E+02
  0.000
  0.000
  0.000
  0.000
  0.000
  0.000
  0.000
  0.000
  0.000
  0.000
  0.000
  0.000
  0.000
  0.000
  0.000
  0.000
  0.000
333.304
  0.000
  0.000
  0.000
  0.000
  0.000
  0.000
  0.000
  0.000
  0.000
 33.749
125.690
 29.328
  0.000
  0.000
  0.000
  0.000
  0.000
  0.000
  0.000
  0.000
  0.000
  0.000
  0.000
  0.000
  0.000
  0.000
  0.000
  0.000
  0.000
  0.000
  0.000
  0.000
  0.000
  0.000
  0.000
  0.000
  0.000
  0.000
  0.000
  0.000
  0.000
  0.000
  0.000
  0.000
  0.000
  0.000
  0.000
  0.000
  0.000
  0.000
  0.000
  0.000
  0.000
  0.000
  0.000
  0.000
  0.000
  0.000
  0.000
  0.000
  0.000
  0.000
  0.000
  0.000
  0.000
  0.000
  0.000
  0.000
  0.000
  0.000
  0.000
  0.000
  0.000
  0.000
  0.000
  0.000
  0.000
  0.000
  0.000
  0.000
  0.000
  0.000
  0.000
  0.000
  0.000
  0.000
  0.000
  0.000
  0.000
  0.000
  0.000
  0.000
  0.000
  0.000
  0.000
  0.000
  0.000
  0.000
  0.000
  0.000
  0.000
  0.000
  0.000
  0.000
  0.000
  0.000
  0.000
  0.000
  0.000
  0.000
  0.000
  0.000
  0.000
  0.000
  2.908
  2.864
  0.000
  1.390
  0.000
  0.000
  1.331
  0.000
  0.000
  2.550
  0.000
  0.000
  0.000
  0.000
  3.568
  3.520
  3.472
  0.000
  2.254
  1.112
  1.098
  0.000
  2.139
  0.000
  0.000
  1.029
  2.032
  2.007
  0.991
  2.936
  0.967
  2.865
  0.943
  0.932
  3.683
  0.000
  0.899
  0.000
  1.756
  1.736
  0.000
  0.000
  0.000
  2.486
  1.639
  0.810
  0.801
  0.000
  0.000
  2.325
  0.000
  0.758
  0.750
  0.000
  0.000
  0.000
  0.000
  0.711
  0.000
  0.000
  0.000
  0.000
  0.675
  0.000
  0.000
  0.654
  0.648
  0.641
  0.635
  1.886
  0.000
  0.616
  1.221
  0.604
  1.197
  0.000
  2.349
  0.000
  2.304
  1.712
  0.000
  1.120
  2.219
  1.099
  2.178
  1.079
  1.604
  0.530
  2.625
  1.561
  1.547
  2.044
  2.026
  0.000
  0.995
  0.493
  1.956
  1.454
  0.000
  1.905
  0.944
  1.404
  0.928
  1.381
  2.282
  0.453
  1.346
  0.000
  2.648
  0.875
  1.302
  0.431
  0.000
  1.271
  0.420
  1.250
  0.413
  1.230
  0.407
  1.614
  0.400
  0.794
  0.394
  0.000
  0.7519892E+02  0.7519892E+02
  0.000
  0.000
  0.000
  0.000
  0.000
  0.000
  0.000
  0.000
  0.000
  0.000
  0.000
  0.000
  0.000
  0.000
  0.000
  0.000
  0.000
249.978
 74.563
  0.000
  0.000
  0.000
  0.000
  0.000
  0.000
  0.000
  0.000
 33.749
 94.267
 58.657
  0.000
  0.000
  0.000
  0.000
  0.000
  0.000
  0.000
  0.000
  0.000
  0.000
  0.000
  0.000
  0.000
  0.000
  0.000
  0.000
  0.000
  0.000
  0.000
  0.000
  0.000
  0.000
  0.000
  0.000
  0.000
  0.000
  0.000
  0.000
  0.000
  0.000
  0.000
  0.000
  0.000
  0.000
  0.000
  0.000
  0.000
  0.000
  0.000
  0.000
  0.000
  0.000
  0.000
  0.000
  0.000
  0.000
  0.000
  0.000
  0.000
  0.000
  0.000
  0.000
  0.000
  0.000
  0.000
  0.000
  0.000
  0.000
  0.000
  0.000
  0.000
  0.000
  0.000
  0.000
  0.000
  0.000
  0.000
  0.000
  0.000
  0.000
  0.000
  0.000
  0.000
  0.000
  0.000
  0.000
  0.000
  0.000
  0.000
  0.000
  0.000
  0.000
  0.000
  0.000
  0.000
  0.000
  0.000
  0.000
  0.000
  0.000
  0.000
  0.000
  0.000
  0.000
  0.000
  0.000
  0.000
  0.000
  0.000
  0.000
  0.000
  0.000
  2.908
  2.864
  0.000
  1.390
  0.000
  1.350
  0.000
  0.000
  0.000
  2.550
  0.000
  0.000
  0.000
  0.000
  4.757
  2.346
  1.157
  2.284
  1.127
  2.224
  0.000
  1.083
  2.139
  0.000
  0.000
  1.029
  1.016
  3.010
  1.982
  1.957
  0.967
  1.910
  2.830
  0.932
  2.762
  0.910
  0.000
  0.000
  1.756
  0.868
  0.858
  0.000
  0.838
  0.829
  2.458
  0.810
  0.801
  0.000
  0.000
  2.325
  0.000
  0.758
  0.750
  0.000
  0.000
  0.000
  0.000
  0.711
  0.000
  0.000
  0.000
  0.682
  0.000
  0.000
  0.000
  0.654
  0.648
  0.641
  0.635
  1.257
  0.622
  0.616
  0.610
  1.209
  1.197
  0.593
  1.762
  0.582
  2.304
  0.571
  0.565
  1.680
  1.664
  2.199
  1.089
  0.540
  2.139
  1.060
  1.050
  2.601
  1.031
  3.577
  0.000
  1.004
  0.995
  0.986
  0.978
  0.969
  1.441
  0.953
  0.944
  1.873
  0.464
  1.841
  2.282
  0.905
  0.449
  0.890
  2.207
  1.313
  0.868
  0.431
  0.000
  1.271
  0.420
  0.833
  0.827
  1.230
  0.407
  1.211
  0.801
  0.397
  0.788
  0.000
