   1   5   1   0  0.1968674E+03  0.5000000E+02
  CAR 
 unknown system                          
   0   0   0
   1   1
 256 256 256
 256
  0.1000000E-09
  0.6250000E-11
  10
  0.2000000E-14  0.9904453E-09  0.9966611E-09  0.9977385E-09
  0.7232823E+02  0.7232823E+02
  0.000
  0.000
  0.000
  0.000
  0.000
  0.000
  0.000
  0.000
  0.000
  0.000
  0.000
  0.000
  0.000
  0.000
  0.000
  0.000
  0.000
335.158
  0.000
  0.000
  0.000
  0.000
  0.000
  0.000
  0.000
  0.000
  0.000
  0.000
157.986
 29.492
  0.000
  0.000
  0.000
  0.000
  0.000
  0.000
  0.000
  0.000
  0.000
  0.000
  0.000
  0.000
  0.000
  0.000
  0.000
  0.000
  0.000
  0.000
  0.000
  0.000
  0.000
  0.000
  0.000
  0.000
  0.000
  0.000
  0.000
  0.000
  0.000
  0.000
  0.000
  0.000
  0.000
  0.000
  0.000
  0.000
  0.000
  0.000
  0.000
  0.000
  0.000
  0.000
  0.000
  0.000
  0.000
  0.000
  0.000
  0.000
  0.000
  0.000
  0.000
  0.000
  0.000
  0.000
  0.000
  0.000
  0.000
  0.000
  0.000
  0.000
  0.000
  0.000
  0.000
  0.000
  0.000
  0.000
  0.000
  0.000
  0.000
  0.000
  0.000
  0.000
  0.000
  0.000
  0.000
  0.000
  0.000
  0.000
  0.000
  0.000
  0.000
  0.000
  0.000
  0.000
  0.000
  0.000
  0.000
  0.000
  0.000
  0.000
  0.000
  0.000
  0.000
  0.000
  0.000
  0.000
  0.000
  0.000
  0.000
  0.000
  0.000
  1.484
  0.000
  0.000
  1.419
  1.398
  2.755
  0.000
  1.338
  0.000
  0.000
  1.282
  0.000
  1.246
  1.229
  2.425
  1.196
  0.000
  1.164
  2.297
  2.266
  3.355
  0.000
  1.089
  0.000
  1.062
  0.000
  1.035
  2.043
  3.027
  0.000
  3.936
  3.888
  1.920
  0.000
  1.874
  0.000
  0.915
  0.904
  0.893
  0.000
  0.000
  0.863
  2.558
  2.529
  1.667
  0.000
  1.629
  0.000
  0.000
  0.788
  0.000
  0.771
  0.762
  0.754
  0.746
  0.000
  0.000
  0.722
  0.000
  0.000
  0.000
  0.000
  0.000
  0.000
  0.000
  1.329
  0.658
  0.000
  0.000
  0.638
  0.632
  0.626
  1.240
  0.614
  0.608
  3.010
  0.596
  0.000
  1.170
  1.159
  1.721
  1.705
  0.563
  2.789
  0.553
  1.095
  1.628
  2.688
  0.533
  2.112
  2.093
  1.037
  0.000
  1.019
  1.010
  1.001
  1.488
  1.966
  0.975
  0.966
  1.437
  1.424
  1.883
  1.867
  1.388
  1.377
  0.000
  0.451
  1.790
  0.888
  1.760
  1.309
  0.000
  1.288
  0.426
  0.422
  0.419
  2.078
  1.649
  0.409
  0.406
  0.403
  0.000
  0.396
  0.000
  0.7543347E+02  0.7543347E+02
  0.000
  0.000
  0.000
  0.000
  0.000
  0.000
  0.000
  0.000
  0.000
  0.000
  0.000
  0.000
  0.000
  0.000
  0.000
  0.000
  0.000
251.369
 74.978
  0.000
  0.000
  0.000
  0.000
  0.000
  0.000
  0.000
  0.000
  0.000
126.389
 58.983
  0.000
  0.000
  0.000
  0.000
  0.000
  0.000
  0.000
  0.000
  0.000
  0.000
  0.000
  0.000
  0.000
  0.000
  0.000
  0.000
  0.000
  0.000
  0.000
  0.000
  0.000
  0.000
  0.000
  0.000
  0.000
  0.000
  0.000
  0.000
  0.000
  0.000
  0.000
  0.000
  0.000
  0.000
  0.000
  0.000
  0.000
  0.000
  0.000
  0.000
  0.000
  0.000
  0.000
  0.000
  0.000
  0.000
  0.000
  0.000
  0.000
  0.000
  0.000
  0.000
  0.000
  0.000
  0.000
  0.000
  0.000
  0.000
  0.000
  0.000
  0.000
  0.000
  0.000
  0.000
  0.000
  0.000
  0.000
  0.000
  0.000
  0.000
  0.000
  0.000
  0.000
  0.000
  0.000
  0.000
  0.000
  0.000
  0.000
  0.000
  0.000
  0.000
  0.000
  0.000
  0.000
  0.000
  0.000
  0.000
  0.000
  0.000
  0.000
  0.000
  0.000
  0.000
  0.000
  0.000
  0.000
  0.000
  0.000
  0.000
  1.507
  0.000
  0.000
  1.440
  1.419
  1.398
  1.378
  0.000
  1.338
  0.000
  0.000
  1.282
  0.000
  1.246
  0.000
  2.425
  2.392
  0.000
  2.328
  1.148
  3.400
  2.237
  0.000
  1.089
  0.000
  1.062
  1.048
  0.000
  2.043
  2.018
  2.989
  0.984
  3.888
  2.881
  0.000
  1.874
  0.000
  0.915
  0.904
  0.893
  0.000
  0.000
  0.863
  2.558
  1.686
  2.500
  0.824
  0.815
  0.000
  0.000
  0.788
  0.000
  0.000
  0.762
  1.508
  0.746
  0.000
  0.000
  0.722
  0.000
  0.000
  0.000
  0.000
  0.000
  0.000
  0.672
  0.665
  0.658
  0.000
  0.000
  1.277
  0.632
  0.626
  0.620
  0.614
  1.823
  1.806
  0.596
  0.000
  1.754
  1.159
  1.148
  1.137
  1.126
  2.231
  1.658
  0.548
  2.170
  2.151
  1.065
  1.056
  2.616
  1.037
  0.000
  1.528
  0.505
  0.500
  2.976
  0.983
  0.975
  0.966
  1.437
  0.950
  1.883
  1.867
  2.314
  0.918
  0.000
  0.000
  1.790
  1.775
  0.880
  0.873
  0.866
  1.288
  0.426
  0.000
  1.257
  1.663
  0.825
  1.227
  0.000
  0.403
  0.000
  0.793
  0.393
  0.5326095E+02  0.5326095E+02
  0.000
  0.000
  0.000
  0.000
  0.000
  0.000
  0.000
  0.000
  0.000
  0.000
  0.000
  0.000
  0.000
  0.000
  0.000
  0.000
  0.000
167.579
149.956
  0.000
  0.000
  0.000
  0.000
  0.000
  0.000
  0.000
  0.000
  0.000
 94.792
 58.983
 27.590
  0.000
  0.000
  0.000
  0.000
  0.000
  0.000
  0.000
  0.000
  0.000
  0.000
  0.000
  0.000
  0.000
  0.000
  0.000
  0.000
  0.000
  0.000
  0.000
  0.000
  0.000
  0.000
  0.000
  0.000
  0.000
  0.000
  0.000
  0.000
  0.000
  0.000
  0.000
  0.000
  0.000
  0.000
  0.000
  0.000
  0.000
  0.000
  0.000
  0.000
  0.000
  0.000
  0.000
  0.000
  0.000
  0.000
  0.000
  0.000
  0.000
  0.000
  0.000
  0.000
  0.000
  0.000
  0.000
  0.000
  0.000
  0.000
  0.000
  0.000
  0.000
  0.000
  0.000
  0.000
  0.000
  0.000
  0.000
  0.000
  0.000
  0.000
  0.000
  0.000
  0.000
  0.000
  0.000
  0.000
  0.000
  0.000
  0.000
  0.000
  0.000
  0.000
  0.000
  0.000
  0.000
  0.000
  0.000
  0.000
  0.000
  0.000
  0.000
  0.000
  0.000
  0.000
  0.000
  0.000
  0.000
  0.000
  0.000
  1.507
  0.000
  0.000
  1.440
  1.419
  2.796
  0.000
  0.000
  1.338
  0.000
  1.300
  0.000
  0.000
  1.246
  0.000
  2.425
  1.196
  2.360
  1.164
  1.148
  3.400
  2.237
  0.000
  1.089
  0.000
  1.062
  1.048
  0.000
  2.043
  2.018
  1.993
  1.968
  3.888
  1.920
  0.949
  1.874
  0.000
  0.915
  0.904
  0.893
  0.000
  0.000
  0.863
  2.558
  0.843
  3.333
  0.824
  0.815
  0.000
  0.000
  0.000
  0.779
  0.000
  0.762
  0.754
  1.492
  0.000
  0.000
  0.722
  0.000
  0.000
  0.000
  0.000
  0.000
  0.000
  0.672
  1.329
  0.000
  0.000
  0.645
  0.638
  0.632
  1.252
  0.000
  1.228
  1.823
  1.204
  0.596
  0.000
  2.339
  0.579
  1.721
  0.568
  2.252
  1.116
  1.105
  1.095
  2.170
  2.151
  1.065
  1.584
  2.093
  1.037
  0.000
  1.019
  1.010
  0.500
  2.976
  1.475
  0.487
  0.966
  0.958
  1.899
  1.412
  1.867
  2.314
  0.918
  0.000
  0.000
  1.342
  2.219
  0.880
  0.873
  0.866
  0.859
  0.426
  0.845
  1.257
  1.247
  0.825
  0.818
  0.406
  0.403
  0.000
  0.793
  0.393
  0.8864949E+02  0.8864949E+02
  0.000
  0.000
  0.000
  0.000
  0.000
  0.000
  0.000
  0.000
  0.000
  0.000
  0.000
  0.000
  0.000
  0.000
  0.000
  0.000
  0.000
251.369
 74.978
  0.000
  0.000
  0.000
  0.000
  0.000
  0.000
  0.000
  0.000
  0.000
 94.792
 88.475
  0.000
  0.000
  0.000
  0.000
  0.000
  0.000
  0.000
  0.000
  0.000
  0.000
  0.000
  0.000
  0.000
  0.000
  0.000
  0.000
  0.000
  0.000
  0.000
  0.000
  0.000
  0.000
  0.000
  0.000
  0.000
  0.000
  0.000
  0.000
  0.000
  0.000
  0.000
  0.000
  0.000
  0.000
  0.000
  0.000
  0.000
  0.000
  0.000
  0.000
  0.000
  0.000
  0.000
  0.000
  0.000
  0.000
  0.000
  0.000
  0.000
  0.000
  0.000
  0.000
  0.000
  0.000
  0.000
  0.000
  0.000
  0.000
  0.000
  0.000
  0.000
  0.000
  0.000
  0.000
  0.000
  0.000
  0.000
  0.000
  0.000
  0.000
  0.000
  0.000
  0.000
  0.000
  0.000
  0.000
  0.000
  0.000
  0.000
  0.000
  0.000
  0.000
  0.000
  0.000
  0.000
  0.000
  0.000
  0.000
  0.000
  0.000
  0.000
  0.000
  0.000
  0.000
  0.000
  0.000
  0.000
  0.000
  0.000
  0.000
  0.000
  1.484
  1.462
  0.000
  0.000
  1.398
  2.755
  1.358
  0.000
  0.000
  1.300
  0.000
  0.000
  0.000
  2.459
  1.212
  1.196
  2.360
  1.164
  1.148
  3.400
  2.237
  0.000
  1.089
  0.000
  1.062
  1.048
  0.000
  2.043
  2.018
  1.993
  2.952
  2.916
  1.920
  1.897
  0.937
  0.000
  0.915
  0.000
  1.787
  0.000
  0.000
  0.863
  2.558
  0.843
  3.333
  0.824
  0.815
  0.000
  0.000
  0.000
  0.779
  0.771
  0.000
  1.508
  0.746
  0.000
  0.000
  0.722
  0.000
  0.000
  0.000
  0.000
  0.000
  0.000
  0.000
  1.994
  0.000
  0.000
  0.000
  0.638
  1.264
  1.252
  0.000
  0.614
  1.823
  1.204
  1.192
  0.590
  1.170
  1.159
  1.721
  1.137
  1.126
  1.674
  1.105
  1.095
  2.170
  2.688
  0.533
  1.056
  2.093
  1.555
  0.000
  0.509
  1.514
  1.001
  0.992
  3.441
  0.000
  1.449
  0.958
  1.424
  0.942
  2.334
  2.314
  0.918
  0.000
  0.451
  0.895
  2.219
  0.880
  1.309
  0.433
  0.859
  0.852
  0.000
  1.676
  0.831
  2.062
  0.409
  0.000
  0.403
  0.000
  0.793
  0.393
  0.1178586E+03  0.1178586E+03
  0.000
  0.000
  0.000
  0.000
  0.000
  0.000
  0.000
  0.000
  0.000
  0.000
  0.000
  0.000
  0.000
  0.000
  0.000
  0.000
  0.000
251.369
 74.978
  0.000
  0.000
  0.000
  0.000
  0.000
  0.000
  0.000
  0.000
  0.000
 94.792
 88.475
  0.000
  0.000
  0.000
  0.000
  0.000
  0.000
  0.000
  0.000
  0.000
  0.000
  0.000
  0.000
  0.000
  0.000
  0.000
  0.000
  0.000
  0.000
  0.000
  0.000
  0.000
  0.000
  0.000
  0.000
  0.000
  0.000
  0.000
  0.000
  0.000
  0.000
  0.000
  0.000
  0.000
  0.000
  0.000
  0.000
  0.000
  0.000
  0.000
  0.000
  0.000
  0.000
  0.000
  0.000
  0.000
  0.000
  0.000
  0.000
  0.000
  0.000
  0.000
  0.000
  0.000
  0.000
  0.000
  0.000
  0.000
  0.000
  0.000
  0.000
  0.000
  0.000
  0.000
  0.000
  0.000
  0.000
  0.000
  0.000
  0.000
  0.000
  0.000
  0.000
  0.000
  0.000
  0.000
  0.000
  0.000
  0.000
  0.000
  0.000
  0.000
  0.000
  0.000
  0.000
  0.000
  0.000
  0.000
  0.000
  0.000
  0.000
  0.000
  0.000
  0.000
  0.000
  0.000
  0.000
  0.000
  0.000
  0.000
  0.000
  1.507
  0.000
  1.462
  0.000
  0.000
  1.398
  2.755
  1.358
  0.000
  0.000
  1.300
  0.000
  0.000
  0.000
  2.459
  1.212
  2.392
  1.180
  2.328
  0.000
  3.400
  2.237
  0.000
  0.000
  1.075
  1.062
  1.048
  1.035
  1.022
  1.009
  1.993
  3.936
  1.944
  2.881
  1.897
  0.937
  0.000
  0.915
  0.904
  0.893
  0.000
  0.000
  0.863
  1.705
  2.529
  1.667
  1.648
  0.815
  0.000
  0.000
  0.000
  0.779
  0.771
  0.762
  0.754
  0.746
  0.000
  0.000
  0.722
  0.000
  0.000
  0.000
  0.000
  0.000
  0.000
  0.672
  1.329
  0.000
  0.000
  0.000
  0.638
  1.897
  0.626
  0.620
  0.000
  2.431
  0.602
  1.192
  0.590
  1.170
  0.579
  2.295
  1.705
  0.563
  1.116
  1.658
  1.643
  1.628
  2.688
  0.000
  1.056
  2.616
  1.555
  0.000
  0.509
  1.010
  1.501
  0.496
  3.441
  0.487
  1.932
  0.000
  1.424
  1.883
  1.867
  1.388
  1.836
  0.000
  0.451
  1.342
  1.331
  1.760
  0.873
  0.433
  0.000
  1.703
  0.422
  1.257
  0.831
  1.649
  0.818
  0.000
  0.403
  0.399
  0.396
  0.393
  0.8478476E+02  0.8478476E+02
  0.000
  0.000
  0.000
  0.000
  0.000
  0.000
  0.000
  0.000
  0.000
  0.000
  0.000
  0.000
  0.000
  0.000
  0.000
  0.000
  0.000
335.158
  0.000
  0.000
  0.000
  0.000
  0.000
  0.000
  0.000
  0.000
  0.000
 33.937
 63.195
 88.475
  0.000
  0.000
  0.000
  0.000
  0.000
  0.000
  0.000
  0.000
  0.000
  0.000
  0.000
  0.000
  0.000
  0.000
  0.000
  0.000
  0.000
  0.000
  0.000
  0.000
  0.000
  0.000
  0.000
  0.000
  0.000
  0.000
  0.000
  0.000
  0.000
  0.000
  0.000
  0.000
  0.000
  0.000
  0.000
  0.000
  0.000
  0.000
  0.000
  0.000
  0.000
  0.000
  0.000
  0.000
  0.000
  0.000
  0.000
  0.000
  0.000
  0.000
  0.000
  0.000
  0.000
  0.000
  0.000
  0.000
  0.000
  0.000
  0.000
  0.000
  0.000
  0.000
  0.000
  0.000
  0.000
  0.000
  0.000
  0.000
  0.000
  0.000
  0.000
  0.000
  0.000
  0.000
  0.000
  0.000
  0.000
  0.000
  0.000
  0.000
  0.000
  0.000
  0.000
  0.000
  0.000
  0.000
  0.000
  0.000
  0.000
  0.000
  0.000
  0.000
  0.000
  0.000
  0.000
  0.000
  0.000
  0.000
  0.000
  0.000
  1.507
  0.000
  0.000
  1.440
  0.000
  1.398
  1.378
  2.715
  0.000
  0.000
  0.000
  1.282
  0.000
  0.000
  2.459
  1.212
  2.392
  2.360
  1.164
  1.148
  2.266
  1.118
  1.104
  0.000
  2.151
  0.000
  1.048
  1.035
  1.022
  0.000
  5.978
  0.984
  2.916
  0.960
  3.794
  0.000
  0.000
  0.915
  0.904
  0.893
  0.000
  0.873
  0.000
  0.853
  2.529
  3.333
  1.648
  0.000
  0.000
  0.000
  0.000
  1.558
  0.000
  0.762
  0.754
  0.746
  0.000
  0.000
  0.722
  0.000
  0.000
  0.000
  0.000
  0.000
  0.678
  0.000
  1.329
  0.000
  0.000
  0.000
  0.000
  1.897
  1.252
  0.620
  0.614
  2.431
  0.000
  1.192
  0.590
  0.000
  1.738
  2.295
  1.705
  0.000
  1.116
  2.211
  2.190
  0.000
  3.226
  0.533
  0.528
  3.139
  1.555
  0.000
  0.509
  1.514
  0.500
  1.984
  1.966
  1.462
  1.449
  0.958
  0.475
  1.412
  2.334
  1.388
  1.836
  0.455
  0.000
  2.237
  0.444
  1.760
  0.873
  0.433
  0.859
  1.278
  0.422
  0.419
  2.494
  0.825
  0.000
  0.406
  0.403
  0.799
  0.000
  0.786
  0.6540855E+02  0.6540855E+02
  0.000
  0.000
  0.000
  0.000
  0.000
  0.000
  0.000
  0.000
  0.000
  0.000
  0.000
  0.000
  0.000
  0.000
  0.000
  0.000
  0.000
251.369
 74.978
  0.000
  0.000
  0.000
  0.000
  0.000
  0.000
  0.000
  0.000
 33.937
 94.792
 58.983
  0.000
  0.000
  0.000
  0.000
  0.000
  0.000
  0.000
  0.000
  0.000
  0.000
  0.000
  0.000
  0.000
  0.000
  0.000
  0.000
  0.000
  0.000
  0.000
  0.000
  0.000
  0.000
  0.000
  0.000
  0.000
  0.000
  0.000
  0.000
  0.000
  0.000
  0.000
  0.000
  0.000
  0.000
  0.000
  0.000
  0.000
  0.000
  0.000
  0.000
  0.000
  0.000
  0.000
  0.000
  0.000
  0.000
  0.000
  0.000
  0.000
  0.000
  0.000
  0.000
  0.000
  0.000
  0.000
  0.000
  0.000
  0.000
  0.000
  0.000
  0.000
  0.000
  0.000
  0.000
  0.000
  0.000
  0.000
  0.000
  0.000
  0.000
  0.000
  0.000
  0.000
  0.000
  0.000
  0.000
  0.000
  0.000
  0.000
  0.000
  0.000
  0.000
  0.000
  0.000
  0.000
  0.000
  0.000
  0.000
  0.000
  0.000
  0.000
  0.000
  0.000
  0.000
  0.000
  0.000
  0.000
  0.000
  0.000
  0.000
  0.000
  1.484
  0.000
  1.440
  0.000
  1.398
  1.378
  2.715
  0.000
  0.000
  0.000
  1.282
  0.000
  0.000
  2.459
  0.000
  3.588
  0.000
  3.492
  1.148
  2.266
  1.118
  1.104
  0.000
  2.151
  0.000
  1.048
  2.069
  0.000
  0.000
  5.978
  1.968
  0.972
  3.841
  0.949
  0.937
  0.000
  0.915
  0.904
  0.893
  0.000
  0.000
  0.863
  1.705
  2.529
  3.333
  0.824
  0.000
  0.000
  0.000
  0.000
  1.558
  0.000
  0.762
  0.754
  0.746
  0.000
  0.000
  0.722
  0.000
  0.000
  0.000
  0.000
  0.000
  0.000
  0.672
  0.665
  0.658
  0.000
  0.000
  0.000
  1.264
  1.252
  1.240
  1.228
  1.216
  0.602
  0.596
  1.181
  0.000
  1.159
  3.443
  1.137
  0.000
  1.116
  1.658
  2.738
  0.000
  3.226
  0.533
  1.056
  2.093
  2.074
  0.000
  0.509
  1.010
  1.501
  1.488
  1.475
  1.462
  1.932
  0.958
  0.950
  1.412
  1.867
  2.314
  0.918
  0.000
  0.902
  1.790
  0.888
  1.760
  0.436
  0.433
  0.859
  0.426
  1.267
  0.419
  2.078
  1.237
  0.409
  0.000
  0.805
  0.000
  0.396
  0.786
  0.8503233E+02  0.8503233E+02
  0.000
  0.000
  0.000
  0.000
  0.000
  0.000
  0.000
  0.000
  0.000
  0.000
  0.000
  0.000
  0.000
  0.000
  0.000
  0.000
  0.000
167.579
149.956
  0.000
  0.000
  0.000
  0.000
  0.000
  0.000
  0.000
  0.000
  0.000
 94.792
 88.475
  0.000
  0.000
  0.000
  0.000
  0.000
  0.000
  0.000
  0.000
  0.000
  0.000
  0.000
  0.000
  0.000
  0.000
  0.000
  0.000
  0.000
  0.000
  0.000
  0.000
  0.000
  0.000
  0.000
  0.000
  0.000
  0.000
  0.000
  0.000
  0.000
  0.000
  0.000
  0.000
  0.000
  0.000
  0.000
  0.000
  0.000
  0.000
  0.000
  0.000
  0.000
  0.000
  0.000
  0.000
  0.000
  0.000
  0.000
  0.000
  0.000
  0.000
  0.000
  0.000
  0.000
  0.000
  0.000
  0.000
  0.000
  0.000
  0.000
  0.000
  0.000
  0.000
  0.000
  0.000
  0.000
  0.000
  0.000
  0.000
  0.000
  0.000
  0.000
  0.000
  0.000
  0.000
  0.000
  0.000
  0.000
  0.000
  0.000
  0.000
  0.000
  0.000
  0.000
  0.000
  0.000
  0.000
  0.000
  0.000
  0.000
  0.000
  0.000
  0.000
  0.000
  0.000
  0.000
  0.000
  0.000
  0.000
  0.000
  0.000
  1.507
  0.000
  1.462
  0.000
  0.000
  1.398
  1.378
  2.715
  0.000
  0.000
  1.300
  0.000
  0.000
  0.000
  2.459
  1.212
  2.392
  0.000
  2.328
  2.297
  3.400
  1.118
  0.000
  0.000
  1.075
  1.062
  1.048
  2.069
  0.000
  1.009
  2.989
  3.936
  0.972
  3.841
  0.949
  0.937
  0.000
  0.915
  0.904
  0.893
  0.000
  0.000
  0.000
  2.558
  1.686
  2.500
  1.648
  0.815
  0.000
  0.000
  0.000
  1.558
  0.000
  0.000
  1.508
  0.746
  0.000
  0.000
  0.722
  0.000
  0.000
  0.000
  0.000
  0.000
  0.000
  1.343
  0.000
  0.658
  0.000
  0.000
  0.000
  1.264
  1.878
  0.620
  1.228
  1.216
  0.602
  0.596
  1.181
  1.170
  1.159
  2.869
  0.568
  0.000
  1.116
  1.105
  3.286
  1.085
  2.151
  0.533
  1.056
  1.569
  2.592
  0.000
  0.000
  1.514
  2.001
  0.992
  1.475
  1.462
  1.449
  1.437
  0.950
  1.412
  1.400
  1.851
  1.836
  0.455
  0.451
  1.342
  1.331
  1.320
  0.873
  0.433
  0.429
  1.278
  0.845
  0.419
  1.663
  1.649
  0.409
  0.406
  0.403
  0.000
  0.396
  0.393
  0.1041488E+03  0.1041488E+03
  0.000
  0.000
  0.000
  0.000
  0.000
  0.000
  0.000
  0.000
  0.000
  0.000
  0.000
  0.000
  0.000
  0.000
  0.000
  0.000
  0.000
335.158
  0.000
  0.000
  0.000
  0.000
  0.000
  0.000
  0.000
  0.000
  0.000
  0.000
 94.792
 88.475
  0.000
  0.000
  0.000
  0.000
  0.000
  0.000
  0.000
  0.000
  0.000
  0.000
  0.000
  0.000
  0.000
  0.000
  0.000
  0.000
  0.000
  0.000
  0.000
  0.000
  0.000
  0.000
  0.000
  0.000
  0.000
  0.000
  0.000
  0.000
  0.000
  0.000
  0.000
  0.000
  0.000
  0.000
  0.000
  0.000
  0.000
  0.000
  0.000
  0.000
  0.000
  0.000
  0.000
  0.000
  0.000
  0.000
  0.000
  0.000
  0.000
  0.000
  0.000
  0.000
  0.000
  0.000
  0.000
  0.000
  0.000
  0.000
  0.000
  0.000
  0.000
  0.000
  0.000
  0.000
  0.000
  0.000
  0.000
  0.000
  0.000
  0.000
  0.000
  0.000
  0.000
  0.000
  0.000
  0.000
  0.000
  0.000
  0.000
  0.000
  0.000
  0.000
  0.000
  0.000
  0.000
  0.000
  0.000
  0.000
  0.000
  0.000
  0.000
  0.000
  0.000
  0.000
  0.000
  0.000
  0.000
  0.000
  0.000
  0.000
  1.507
  0.000
  0.000
  1.440
  0.000
  2.796
  0.000
  1.358
  1.338
  0.000
  1.300
  0.000
  0.000
  0.000
  2.459
  2.425
  1.196
  1.180
  2.328
  2.297
  1.133
  2.237
  0.000
  0.000
  1.075
  1.062
  2.096
  1.035
  0.000
  1.009
  2.989
  3.936
  0.972
  3.841
  0.949
  0.937
  0.000
  0.915
  0.000
  1.787
  0.000
  0.000
  0.000
  0.853
  4.215
  1.667
  1.648
  0.815
  0.000
  0.000
  0.788
  0.779
  0.000
  0.000
  1.508
  0.746
  0.000
  0.000
  0.722
  0.000
  0.000
  0.000
  0.000
  0.000
  0.678
  0.000
  0.665
  0.000
  0.651
  0.000
  0.638
  0.632
  1.252
  1.240
  1.841
  1.216
  0.000
  1.192
  0.000
  2.339
  0.579
  2.295
  1.137
  0.000
  0.558
  2.211
  2.190
  1.628
  1.075
  1.065
  1.584
  2.093
  2.074
  0.000
  0.000
  1.010
  2.502
  0.992
  1.966
  0.487
  1.449
  1.437
  2.374
  0.942
  1.400
  1.388
  1.836
  0.910
  0.000
  1.342
  1.331
  0.880
  1.309
  0.433
  0.429
  1.703
  0.422
  0.838
  0.416
  2.062
  0.409
  0.812
  0.403
  0.000
  0.396
  0.786
  0.7445048E+02  0.7445048E+02
  0.000
  0.000
  0.000
  0.000
  0.000
  0.000
  0.000
  0.000
  0.000
  0.000
  0.000
  0.000
  0.000
  0.000
  0.000
  0.000
  0.000
251.369
 74.978
  0.000
  0.000
  0.000
  0.000
  0.000
  0.000
  0.000
  0.000
 33.937
 94.792
 58.983
  0.000
  0.000
  0.000
  0.000
  0.000
  0.000
  0.000
  0.000
  0.000
  0.000
  0.000
  0.000
  0.000
  0.000
  0.000
  0.000
  0.000
  0.000
  0.000
  0.000
  0.000
  0.000
  0.000
  0.000
  0.000
  0.000
  0.000
  0.000
  0.000
  0.000
  0.000
  0.000
  0.000
  0.000
  0.000
  0.000
  0.000
  0.000
  0.000
  0.000
  0.000
  0.000
  0.000
  0.000
  0.000
  0.000
  0.000
  0.000
  0.000
  0.000
  0.000
  0.000
  0.000
  0.000
  0.000
  0.000
  0.000
  0.000
  0.000
  0.000
  0.000
  0.000
  0.000
  0.000
  0.000
  0.000
  0.000
  0.000
  0.000
  0.000
  0.000
  0.000
  0.000
  0.000
  0.000
  0.000
  0.000
  0.000
  0.000
  0.000
  0.000
  0.000
  0.000
  0.000
  0.000
  0.000
  0.000
  0.000
  0.000
  0.000
  0.000
  0.000
  0.000
  0.000
  0.000
  0.000
  0.000
  0.000
  0.000
  0.000
  1.507
  0.000
  0.000
  1.440
  0.000
  2.796
  0.000
  0.000
  1.338
  1.319
  0.000
  1.282
  0.000
  0.000
  1.229
  2.425
  2.392
  1.180
  3.492
  1.148
  1.133
  2.237
  0.000
  0.000
  1.075
  0.000
  3.144
  1.035
  0.000
  2.018
  1.993
  2.952
  3.888
  0.960
  1.897
  0.937
  0.000
  0.915
  0.000
  1.787
  0.000
  0.000
  0.000
  0.853
  3.372
  3.333
  1.648
  0.000
  0.000
  0.797
  0.000
  0.779
  0.000
  0.762
  0.754
  0.746
  0.000
  0.000
  0.722
  0.000
  0.000
  0.000
  0.000
  0.000
  0.678
  0.000
  0.000
  0.658
  0.651
  0.000
  0.000
  1.264
  1.252
  1.240
  1.228
  1.823
  0.602
  0.596
  0.000
  1.754
  0.579
  2.869
  1.137
  0.000
  0.558
  2.211
  1.095
  2.713
  1.075
  1.065
  2.112
  1.569
  2.074
  0.000
  0.000
  2.524
  1.501
  0.496
  1.475
  1.462
  0.966
  2.395
  1.424
  0.942
  1.400
  1.388
  1.836
  0.910
  0.000
  1.342
  0.888
  1.320
  0.873
  0.866
  0.429
  1.278
  0.845
  0.419
  0.831
  2.062
  0.818
  0.406
  0.403
  0.000
  0.396
  0.786
