   1   5   1   0  0.1884117E+03  0.5000000E+02
  CAR 
 unknown system                          
   0   0   0
   1   1
 256 256 256
 256
  0.1000000E-09
  0.6250000E-11
  10
  0.2000000E-14  0.9760901E-09  0.9707262E-09  0.9943383E-09
  0.8078554E+02  0.8078554E+02
  0.000
  0.000
  0.000
  0.000
  0.000
  0.000
  0.000
  0.000
  0.000
  0.000
  0.000
  0.000
  0.000
  0.000
  0.000
  0.000
 90.202
240.572
  0.000
  0.000
  0.000
  0.000
  0.000
  0.000
  0.000
  0.000
  0.000
 64.958
120.961
  0.000
  0.000
  0.000
  0.000
  0.000
  0.000
  0.000
  0.000
  0.000
  0.000
  0.000
  0.000
  0.000
  0.000
  0.000
  0.000
  0.000
  0.000
  0.000
  0.000
  0.000
  0.000
  0.000
  0.000
  0.000
  0.000
  0.000
  0.000
  0.000
  0.000
  0.000
  0.000
  0.000
  0.000
  0.000
  0.000
  0.000
  0.000
  0.000
  0.000
  0.000
  0.000
  0.000
  0.000
  0.000
  0.000
  0.000
  0.000
  0.000
  0.000
  0.000
  0.000
  0.000
  0.000
  0.000
  0.000
  0.000
  0.000
  0.000
  0.000
  0.000
  0.000
  0.000
  0.000
  0.000
  0.000
  0.000
  0.000
  0.000
  0.000
  0.000
  0.000
  0.000
  0.000
  0.000
  0.000
  0.000
  0.000
  0.000
  0.000
  0.000
  0.000
  0.000
  0.000
  0.000
  0.000
  0.000
  0.000
  0.000
  0.000
  0.000
  0.000
  0.000
  0.000
  0.000
  0.000
  0.000
  0.000
  0.000
  0.000
  0.000
  1.442
  1.421
  1.399
  1.378
  1.358
  0.000
  1.318
  0.000
  0.000
  1.262
  1.244
  0.000
  0.000
  0.000
  3.529
  2.321
  2.289
  1.129
  2.228
  2.198
  0.000
  1.070
  1.056
  0.000
  1.029
  1.016
  2.006
  0.990
  1.956
  1.931
  3.814
  2.825
  1.861
  0.919
  0.908
  0.897
  0.000
  0.876
  0.865
  0.000
  1.690
  0.000
  0.826
  1.632
  1.613
  0.798
  0.789
  0.000
  0.771
  1.525
  0.754
  0.746
  0.000
  0.000
  0.000
  0.000
  0.000
  0.699
  0.000
  0.000
  0.000
  0.000
  0.663
  0.000
  0.000
  0.643
  0.636
  1.260
  0.623
  0.617
  0.000
  1.815
  0.599
  1.186
  0.587
  0.582
  2.304
  1.712
  1.130
  1.119
  0.554
  2.197
  0.544
  1.617
  2.136
  1.587
  1.048
  1.558
  1.029
  2.549
  1.516
  1.001
  0.992
  1.475
  0.975
  0.966
  0.958
  0.475
  1.411
  2.332
  1.387
  1.833
  0.454
  1.802
  0.893
  0.886
  1.318
  0.871
  1.296
  1.285
  0.425
  0.421
  0.418
  1.243
  1.233
  1.223
  0.809
  0.000
  0.000
  1.578
  0.783
  0.388
  0.000
  0.382
  0.759
  0.376
  0.1524221E+03  0.1524221E+03
  0.000
  0.000
  0.000
  0.000
  0.000
  0.000
  0.000
  0.000
  0.000
  0.000
  0.000
  0.000
  0.000
  0.000
  0.000
  0.000
  0.000
240.572
 71.758
  0.000
  0.000
  0.000
  0.000
  0.000
  0.000
  0.000
  0.000
 32.479
 60.480
 84.675
  0.000
  0.000
  0.000
  0.000
  0.000
  0.000
  0.000
  0.000
  0.000
  0.000
  0.000
  0.000
  0.000
  0.000
  0.000
  0.000
  0.000
  0.000
  0.000
  0.000
  0.000
  0.000
  0.000
  0.000
  0.000
  0.000
  0.000
  0.000
  0.000
  0.000
  0.000
  0.000
  0.000
  0.000
  0.000
  0.000
  0.000
  0.000
  0.000
  0.000
  0.000
  0.000
  0.000
  0.000
  0.000
  0.000
  0.000
  0.000
  0.000
  0.000
  0.000
  0.000
  0.000
  0.000
  0.000
  0.000
  0.000
  0.000
  0.000
  0.000
  0.000
  0.000
  0.000
  0.000
  0.000
  0.000
  0.000
  0.000
  0.000
  0.000
  0.000
  0.000
  0.000
  0.000
  0.000
  0.000
  0.000
  0.000
  0.000
  0.000
  0.000
  0.000
  0.000
  0.000
  0.000
  0.000
  0.000
  0.000
  0.000
  0.000
  0.000
  0.000
  0.000
  0.000
  0.000
  0.000
  0.000
  0.000
  0.000
  1.465
  0.000
  2.841
  1.399
  0.000
  1.358
  0.000
  1.318
  0.000
  0.000
  2.525
  0.000
  0.000
  0.000
  3.579
  0.000
  2.321
  2.289
  2.258
  2.228
  1.099
  0.000
  1.070
  0.000
  1.043
  2.058
  1.016
  0.000
  1.981
  1.956
  0.966
  3.814
  2.825
  1.861
  0.919
  0.908
  1.794
  0.000
  0.876
  0.865
  0.000
  0.845
  0.835
  1.651
  0.816
  1.613
  0.000
  0.789
  0.000
  1.542
  1.525
  0.754
  0.000
  0.738
  0.000
  0.000
  0.000
  0.000
  0.000
  0.691
  0.000
  0.000
  0.670
  0.000
  0.000
  0.649
  0.643
  0.000
  1.889
  0.000
  0.617
  1.833
  0.000
  1.797
  0.593
  0.000
  1.163
  2.304
  1.141
  1.695
  0.560
  0.554
  2.197
  1.088
  2.156
  1.068
  1.058
  1.572
  2.077
  0.515
  2.549
  0.505
  2.003
  0.496
  1.967
  0.975
  1.449
  0.479
  0.000
  0.941
  1.866
  2.774
  1.375
  0.909
  1.352
  0.893
  0.886
  0.878
  1.742
  0.864
  1.713
  0.425
  0.000
  0.418
  0.829
  2.055
  1.223
  0.404
  0.401
  0.398
  1.184
  0.391
  0.777
  0.000
  0.765
  0.379
  0.376
  0.1274944E+03  0.1274944E+03
  0.000
  0.000
  0.000
  0.000
  0.000
  0.000
  0.000
  0.000
  0.000
  0.000
  0.000
  0.000
  0.000
  0.000
  0.000
  0.000
  0.000
160.381
143.515
  0.000
  0.000
  0.000
  0.000
  0.000
  0.000
  0.000
  0.000
 32.479
 60.480
 84.675
  0.000
  0.000
  0.000
  0.000
  0.000
  0.000
  0.000
  0.000
  0.000
  0.000
  0.000
  0.000
  0.000
  0.000
  0.000
  0.000
  0.000
  0.000
  0.000
  0.000
  0.000
  0.000
  0.000
  0.000
  0.000
  0.000
  0.000
  0.000
  0.000
  0.000
  0.000
  0.000
  0.000
  0.000
  0.000
  0.000
  0.000
  0.000
  0.000
  0.000
  0.000
  0.000
  0.000
  0.000
  0.000
  0.000
  0.000
  0.000
  0.000
  0.000
  0.000
  0.000
  0.000
  0.000
  0.000
  0.000
  0.000
  0.000
  0.000
  0.000
  0.000
  0.000
  0.000
  0.000
  0.000
  0.000
  0.000
  0.000
  0.000
  0.000
  0.000
  0.000
  0.000
  0.000
  0.000
  0.000
  0.000
  0.000
  0.000
  0.000
  0.000
  0.000
  0.000
  0.000
  0.000
  0.000
  0.000
  0.000
  0.000
  0.000
  0.000
  0.000
  0.000
  0.000
  0.000
  0.000
  0.000
  0.000
  0.000
  1.465
  0.000
  4.262
  0.000
  1.378
  0.000
  0.000
  1.318
  0.000
  0.000
  2.525
  0.000
  0.000
  0.000
  3.579
  0.000
  2.321
  0.000
  5.645
  1.114
  1.099
  0.000
  1.070
  0.000
  2.085
  1.029
  1.016
  1.003
  2.971
  0.978
  0.966
  2.861
  1.884
  1.861
  0.000
  3.631
  0.897
  0.000
  1.751
  0.000
  0.000
  0.000
  1.670
  0.826
  1.632
  1.613
  0.000
  0.789
  0.000
  1.542
  0.762
  1.508
  0.000
  0.738
  0.000
  0.000
  0.000
  0.000
  0.000
  0.691
  0.000
  0.677
  0.000
  0.000
  0.656
  0.000
  0.643
  0.000
  1.260
  0.623
  1.234
  0.611
  1.210
  1.198
  0.593
  0.587
  0.582
  1.728
  1.141
  2.260
  0.560
  0.554
  3.295
  0.544
  1.617
  1.068
  1.058
  2.096
  0.519
  3.602
  1.530
  0.000
  1.502
  1.489
  0.984
  0.975
  0.966
  0.958
  0.000
  1.411
  0.000
  3.236
  2.292
  0.909
  1.352
  0.893
  0.886
  0.439
  2.178
  0.864
  1.713
  0.000
  0.421
  0.418
  1.243
  1.644
  1.223
  0.404
  0.000
  1.193
  0.789
  0.391
  0.777
  0.385
  0.382
  0.379
  0.753
  0.1349288E+03  0.1349288E+03
  0.000
  0.000
  0.000
  0.000
  0.000
  0.000
  0.000
  0.000
  0.000
  0.000
  0.000
  0.000
  0.000
  0.000
  0.000
  0.000
 90.202
160.381
 71.758
  0.000
  0.000
  0.000
  0.000
  0.000
  0.000
  0.000
  0.000
 64.958
 60.480
 56.450
  0.000
  0.000
  0.000
  0.000
  0.000
  0.000
  0.000
  0.000
  0.000
  0.000
  0.000
  0.000
  0.000
  0.000
  0.000
  0.000
  0.000
  0.000
  0.000
  0.000
  0.000
  0.000
  0.000
  0.000
  0.000
  0.000
  0.000
  0.000
  0.000
  0.000
  0.000
  0.000
  0.000
  0.000
  0.000
  0.000
  0.000
  0.000
  0.000
  0.000
  0.000
  0.000
  0.000
  0.000
  0.000
  0.000
  0.000
  0.000
  0.000
  0.000
  0.000
  0.000
  0.000
  0.000
  0.000
  0.000
  0.000
  0.000
  0.000
  0.000
  0.000
  0.000
  0.000
  0.000
  0.000
  0.000
  0.000
  0.000
  0.000
  0.000
  0.000
  0.000
  0.000
  0.000
  0.000
  0.000
  0.000
  0.000
  0.000
  0.000
  0.000
  0.000
  0.000
  0.000
  0.000
  0.000
  0.000
  0.000
  0.000
  0.000
  0.000
  0.000
  0.000
  0.000
  0.000
  0.000
  0.000
  0.000
  0.000
  0.000
  1.442
  4.262
  0.000
  1.378
  0.000
  0.000
  0.000
  1.299
  0.000
  2.525
  0.000
  0.000
  0.000
  2.386
  1.176
  1.160
  2.289
  4.516
  1.114
  1.099
  1.085
  0.000
  0.000
  2.085
  1.029
  1.016
  1.003
  2.971
  0.978
  0.966
  3.814
  0.000
  1.861
  0.919
  3.631
  0.897
  0.000
  1.751
  0.000
  0.000
  0.000
  1.670
  1.651
  1.632
  0.000
  1.595
  0.000
  1.559
  0.000
  0.000
  2.262
  0.000
  0.738
  0.000
  0.000
  0.000
  0.000
  0.699
  0.000
  0.000
  0.000
  0.670
  0.000
  0.000
  0.649
  0.643
  0.000
  0.630
  1.247
  1.234
  0.611
  0.605
  1.198
  1.186
  0.000
  1.163
  1.152
  1.712
  2.260
  0.560
  0.554
  1.647
  2.176
  1.078
  1.602
  1.058
  2.096
  0.519
  2.573
  2.549
  0.505
  1.001
  0.992
  0.984
  0.487
  1.932
  0.958
  0.475
  0.941
  0.933
  3.236
  1.375
  1.363
  0.901
  0.893
  0.443
  1.757
  1.742
  1.296
  0.857
  0.000
  0.421
  0.835
  0.829
  1.644
  0.815
  0.809
  0.401
  0.398
  1.184
  0.783
  0.777
  0.000
  0.382
  0.759
  0.376
  0.1399363E+03  0.1399363E+03
  0.000
  0.000
  0.000
  0.000
  0.000
  0.000
  0.000
  0.000
  0.000
  0.000
  0.000
  0.000
  0.000
  0.000
  0.000
  0.000
  0.000
320.763
  0.000
  0.000
  0.000
  0.000
  0.000
  0.000
  0.000
  0.000
  0.000
 32.479
151.201
  0.000
  0.000
  0.000
  0.000
  0.000
  0.000
  0.000
  0.000
  0.000
  0.000
  0.000
  0.000
  0.000
  0.000
  0.000
  0.000
  0.000
  0.000
  0.000
  0.000
  0.000
  0.000
  0.000
  0.000
  0.000
  0.000
  0.000
  0.000
  0.000
  0.000
  0.000
  0.000
  0.000
  0.000
  0.000
  0.000
  0.000
  0.000
  0.000
  0.000
  0.000
  0.000
  0.000
  0.000
  0.000
  0.000
  0.000
  0.000
  0.000
  0.000
  0.000
  0.000
  0.000
  0.000
  0.000
  0.000
  0.000
  0.000
  0.000
  0.000
  0.000
  0.000
  0.000
  0.000
  0.000
  0.000
  0.000
  0.000
  0.000
  0.000
  0.000
  0.000
  0.000
  0.000
  0.000
  0.000
  0.000
  0.000
  0.000
  0.000
  0.000
  0.000
  0.000
  0.000
  0.000
  0.000
  0.000
  0.000
  0.000
  0.000
  0.000
  0.000
  0.000
  0.000
  0.000
  0.000
  0.000
  0.000
  0.000
  0.000
  0.000
  1.442
  1.421
  4.198
  0.000
  0.000
  0.000
  0.000
  1.299
  1.281
  0.000
  1.244
  0.000
  0.000
  2.386
  1.176
  1.160
  2.289
  4.516
  0.000
  1.099
  2.169
  0.000
  0.000
  0.000
  3.087
  1.016
  1.003
  2.971
  1.956
  1.931
  1.907
  0.000
  0.930
  2.757
  3.631
  0.000
  0.000
  1.751
  0.000
  0.000
  1.690
  0.835
  0.000
  2.448
  0.807
  0.798
  0.000
  0.780
  0.771
  1.525
  0.000
  1.491
  0.000
  0.000
  0.000
  0.000
  0.000
  0.699
  0.000
  0.000
  0.000
  0.000
  0.663
  0.000
  0.000
  0.643
  0.636
  1.889
  0.000
  0.617
  1.222
  0.000
  0.599
  2.373
  0.000
  1.163
  1.152
  1.712
  1.695
  1.119
  1.663
  0.549
  2.176
  2.156
  0.534
  0.529
  2.620
  1.039
  1.544
  3.059
  0.505
  1.001
  0.496
  0.492
  1.950
  1.449
  0.958
  0.949
  0.470
  0.933
  3.236
  0.917
  2.272
  0.451
  0.447
  1.329
  2.196
  0.436
  2.591
  0.000
  0.425
  0.000
  0.835
  1.243
  0.000
  2.445
  0.404
  0.401
  0.398
  0.789
  1.174
  0.777
  0.000
  0.382
  0.759
  0.000
  0.1193632E+03  0.1193632E+03
  0.000
  0.000
  0.000
  0.000
  0.000
  0.000
  0.000
  0.000
  0.000
  0.000
  0.000
  0.000
  0.000
  0.000
  0.000
  0.000
 90.202
160.381
 71.758
  0.000
  0.000
  0.000
  0.000
  0.000
  0.000
  0.000
  0.000
 32.479
 60.480
 84.675
  0.000
  0.000
  0.000
  0.000
  0.000
  0.000
  0.000
  0.000
  0.000
  0.000
  0.000
  0.000
  0.000
  0.000
  0.000
  0.000
  0.000
  0.000
  0.000
  0.000
  0.000
  0.000
  0.000
  0.000
  0.000
  0.000
  0.000
  0.000
  0.000
  0.000
  0.000
  0.000
  0.000
  0.000
  0.000
  0.000
  0.000
  0.000
  0.000
  0.000
  0.000
  0.000
  0.000
  0.000
  0.000
  0.000
  0.000
  0.000
  0.000
  0.000
  0.000
  0.000
  0.000
  0.000
  0.000
  0.000
  0.000
  0.000
  0.000
  0.000
  0.000
  0.000
  0.000
  0.000
  0.000
  0.000
  0.000
  0.000
  0.000
  0.000
  0.000
  0.000
  0.000
  0.000
  0.000
  0.000
  0.000
  0.000
  0.000
  0.000
  0.000
  0.000
  0.000
  0.000
  0.000
  0.000
  0.000
  0.000
  0.000
  0.000
  0.000
  0.000
  0.000
  0.000
  0.000
  0.000
  0.000
  0.000
  0.000
  0.000
  1.442
  1.421
  4.198
  0.000
  0.000
  0.000
  0.000
  1.299
  1.281
  0.000
  1.244
  0.000
  1.210
  1.193
  1.176
  1.160
  3.434
  3.387
  0.000
  1.099
  1.085
  1.070
  0.000
  0.000
  3.087
  1.016
  1.003
  1.981
  2.933
  1.931
  1.907
  0.000
  1.861
  1.838
  1.816
  1.794
  0.000
  0.876
  0.865
  0.000
  1.690
  0.835
  0.000
  1.632
  1.613
  0.798
  0.000
  0.000
  0.771
  1.525
  0.000
  2.237
  0.000
  0.000
  0.000
  0.000
  0.000
  0.000
  0.691
  0.000
  0.000
  0.000
  0.663
  0.656
  0.000
  0.000
  1.272
  1.260
  0.623
  0.617
  0.611
  1.210
  0.000
  1.780
  0.587
  1.163
  0.576
  2.282
  1.130
  1.679
  0.554
  1.647
  2.176
  1.078
  0.534
  2.116
  1.572
  1.039
  2.058
  2.039
  0.505
  1.001
  0.992
  0.492
  2.924
  0.000
  0.958
  1.424
  0.470
  0.466
  3.236
  1.375
  1.818
  0.901
  0.447
  1.329
  1.318
  1.742
  1.727
  0.428
  0.425
  0.000
  0.000
  0.829
  2.466
  1.223
  0.809
  0.000
  0.398
  0.395
  1.957
  0.000
  0.385
  0.765
  0.379
  0.000
  0.1158936E+03  0.1158936E+03
  0.000
  0.000
  0.000
  0.000
  0.000
  0.000
  0.000
  0.000
  0.000
  0.000
  0.000
  0.000
  0.000
  0.000
  0.000
  0.000
 90.202
 80.191
143.515
  0.000
  0.000
  0.000
  0.000
  0.000
  0.000
  0.000
  0.000
  0.000
 90.720
 56.450
 26.405
  0.000
  0.000
  0.000
  0.000
  0.000
  0.000
  0.000
  0.000
  0.000
  0.000
  0.000
  0.000
  0.000
  0.000
  0.000
  0.000
  0.000
  0.000
  0.000
  0.000
  0.000
  0.000
  0.000
  0.000
  0.000
  0.000
  0.000
  0.000
  0.000
  0.000
  0.000
  0.000
  0.000
  0.000
  0.000
  0.000
  0.000
  0.000
  0.000
  0.000
  0.000
  0.000
  0.000
  0.000
  0.000
  0.000
  0.000
  0.000
  0.000
  0.000
  0.000
  0.000
  0.000
  0.000
  0.000
  0.000
  0.000
  0.000
  0.000
  0.000
  0.000
  0.000
  0.000
  0.000
  0.000
  0.000
  0.000
  0.000
  0.000
  0.000
  0.000
  0.000
  0.000
  0.000
  0.000
  0.000
  0.000
  0.000
  0.000
  0.000
  0.000
  0.000
  0.000
  0.000
  0.000
  0.000
  0.000
  0.000
  0.000
  0.000
  0.000
  0.000
  0.000
  0.000
  0.000
  0.000
  0.000
  0.000
  0.000
  4.327
  0.000
  0.000
  2.757
  0.000
  0.000
  0.000
  1.299
  0.000
  2.525
  0.000
  0.000
  2.419
  0.000
  1.176
  1.160
  3.434
  3.387
  0.000
  1.099
  2.169
  0.000
  0.000
  1.043
  1.029
  2.032
  1.003
  1.981
  3.911
  0.966
  1.907
  0.000
  2.791
  0.000
  3.631
  0.897
  0.000
  0.876
  0.865
  0.000
  0.000
  2.506
  0.826
  0.816
  1.613
  0.798
  0.000
  0.780
  0.771
  0.000
  1.508
  0.746
  0.738
  0.000
  0.000
  0.000
  0.000
  0.000
  0.691
  0.000
  0.000
  0.000
  0.663
  0.656
  0.000
  0.643
  0.000
  1.889
  0.623
  1.234
  0.000
  1.210
  1.198
  0.593
  1.175
  0.000
  2.304
  0.571
  1.130
  1.119
  1.663
  2.746
  1.088
  1.078
  0.000
  2.116
  2.096
  1.039
  1.029
  3.059
  1.010
  0.501
  0.992
  0.492
  2.437
  0.483
  1.436
  0.949
  0.470
  1.399
  2.312
  1.375
  0.909
  0.901
  1.787
  0.443
  1.757
  0.871
  2.159
  0.857
  0.000
  0.421
  0.000
  1.657
  1.644
  1.223
  0.809
  0.000
  0.398
  0.395
  1.566
  0.777
  0.385
  0.382
  0.379
  0.000
  0.1529224E+03  0.1529224E+03
  0.000
  0.000
  0.000
  0.000
  0.000
  0.000
  0.000
  0.000
  0.000
  0.000
  0.000
  0.000
  0.000
  0.000
  0.000
  0.000
  0.000
160.381
143.515
  0.000
  0.000
  0.000
  0.000
  0.000
  0.000
  0.000
  0.000
  0.000
 90.720
 84.675
  0.000
  0.000
  0.000
  0.000
  0.000
  0.000
  0.000
  0.000
  0.000
  0.000
  0.000
  0.000
  0.000
  0.000
  0.000
  0.000
  0.000
  0.000
  0.000
  0.000
  0.000
  0.000
  0.000
  0.000
  0.000
  0.000
  0.000
  0.000
  0.000
  0.000
  0.000
  0.000
  0.000
  0.000
  0.000
  0.000
  0.000
  0.000
  0.000
  0.000
  0.000
  0.000
  0.000
  0.000
  0.000
  0.000
  0.000
  0.000
  0.000
  0.000
  0.000
  0.000
  0.000
  0.000
  0.000
  0.000
  0.000
  0.000
  0.000
  0.000
  0.000
  0.000
  0.000
  0.000
  0.000
  0.000
  0.000
  0.000
  0.000
  0.000
  0.000
  0.000
  0.000
  0.000
  0.000
  0.000
  0.000
  0.000
  0.000
  0.000
  0.000
  0.000
  0.000
  0.000
  0.000
  0.000
  0.000
  0.000
  0.000
  0.000
  0.000
  0.000
  0.000
  0.000
  0.000
  0.000
  0.000
  0.000
  0.000
  0.000
  4.327
  0.000
  1.399
  1.378
  0.000
  0.000
  0.000
  1.299
  1.281
  1.262
  0.000
  0.000
  1.210
  1.193
  1.176
  1.160
  1.145
  5.645
  0.000
  1.099
  2.169
  0.000
  0.000
  1.043
  2.058
  1.016
  0.000
  1.981
  3.911
  1.931
  1.907
  0.000
  1.861
  1.838
  3.631
  0.000
  0.000
  0.000
  1.730
  0.000
  0.000
  0.835
  1.651
  2.448
  0.000
  1.595
  0.000
  1.559
  0.000
  0.000
  0.754
  2.237
  0.000
  0.000
  0.000
  0.000
  0.000
  0.699
  0.000
  0.000
  0.000
  0.000
  0.663
  0.000
  1.299
  0.000
  1.272
  0.000
  1.247
  1.234
  0.000
  0.000
  1.198
  2.373
  0.000
  0.582
  1.152
  1.712
  1.695
  1.119
  1.109
  3.295
  0.544
  1.078
  1.068
  0.529
  3.145
  1.039
  1.029
  3.059
  1.010
  0.501
  0.496
  0.984
  1.462
  1.449
  0.958
  0.949
  0.941
  0.933
  1.849
  1.375
  0.909
  1.352
  0.893
  1.772
  0.878
  2.178
  1.296
  0.428
  0.425
  0.421
  0.835
  1.657
  0.822
  0.815
  0.404
  0.802
  0.398
  0.789
  1.566
  0.388
  0.000
  0.765
  0.379
  0.000
  0.1244842E+03  0.1244842E+03
  0.000
  0.000
  0.000
  0.000
  0.000
  0.000
  0.000
  0.000
  0.000
  0.000
  0.000
  0.000
  0.000
  0.000
  0.000
  0.000
 90.202
240.572
  0.000
  0.000
  0.000
  0.000
  0.000
  0.000
  0.000
  0.000
  0.000
 32.479
120.961
 28.225
  0.000
  0.000
  0.000
  0.000
  0.000
  0.000
  0.000
  0.000
  0.000
  0.000
  0.000
  0.000
  0.000
  0.000
  0.000
  0.000
  0.000
  0.000
  0.000
  0.000
  0.000
  0.000
  0.000
  0.000
  0.000
  0.000
  0.000
  0.000
  0.000
  0.000
  0.000
  0.000
  0.000
  0.000
  0.000
  0.000
  0.000
  0.000
  0.000
  0.000
  0.000
  0.000
  0.000
  0.000
  0.000
  0.000
  0.000
  0.000
  0.000
  0.000
  0.000
  0.000
  0.000
  0.000
  0.000
  0.000
  0.000
  0.000
  0.000
  0.000
  0.000
  0.000
  0.000
  0.000
  0.000
  0.000
  0.000
  0.000
  0.000
  0.000
  0.000
  0.000
  0.000
  0.000
  0.000
  0.000
  0.000
  0.000
  0.000
  0.000
  0.000
  0.000
  0.000
  0.000
  0.000
  0.000
  0.000
  0.000
  0.000
  0.000
  0.000
  0.000
  0.000
  0.000
  0.000
  0.000
  0.000
  0.000
  0.000
  0.000
  0.000
  5.682
  1.399
  0.000
  0.000
  0.000
  1.318
  0.000
  1.281
  1.262
  0.000
  0.000
  0.000
  1.193
  2.353
  0.000
  2.289
  4.516
  1.114
  1.099
  2.169
  0.000
  0.000
  2.085
  1.029
  1.016
  0.000
  2.971
  3.911
  0.966
  0.954
  0.942
  1.861
  2.757
  2.723
  0.000
  0.000
  0.876
  0.865
  0.000
  0.000
  1.670
  1.651
  1.632
  0.807
  0.798
  0.000
  1.559
  0.000
  0.000
  2.262
  0.000
  0.738
  0.000
  0.000
  0.000
  0.000
  0.699
  0.000
  0.000
  0.000
  0.000
  0.663
  0.000
  0.000
  1.285
  1.272
  0.000
  1.247
  0.000
  1.222
  0.000
  0.000
  1.780
  1.762
  0.000
  1.728
  1.712
  1.695
  1.119
  1.663
  2.746
  0.544
  1.078
  1.068
  0.529
  2.620
  0.519
  2.058
  3.059
  1.516
  0.000
  0.000
  1.967
  0.975
  0.483
  1.915
  0.475
  1.411
  1.399
  1.849
  1.375
  1.818
  0.000
  0.893
  2.215
  1.318
  1.742
  0.864
  0.428
  0.849
  0.842
  0.418
  0.829
  0.822
  0.408
  1.617
  0.000
  1.193
  0.395
  1.174
  0.777
  0.000
  0.382
  0.759
  0.376
  0.1312540E+03  0.1312540E+03
  0.000
  0.000
  0.000
  0.000
  0.000
  0.000
  0.000
  0.000
  0.000
  0.000
  0.000
  0.000
  0.000
  0.000
  0.000
  0.000
 90.202
240.572
  0.000
  0.000
  0.000
  0.000
  0.000
  0.000
  0.000
  0.000
  0.000
 97.437
 90.720
  0.000
  0.000
  0.000
  0.000
  0.000
  0.000
  0.000
  0.000
  0.000
  0.000
  0.000
  0.000
  0.000
  0.000
  0.000
  0.000
  0.000
  0.000
  0.000
  0.000
  0.000
  0.000
  0.000
  0.000
  0.000
  0.000
  0.000
  0.000
  0.000
  0.000
  0.000
  0.000
  0.000
  0.000
  0.000
  0.000
  0.000
  0.000
  0.000
  0.000
  0.000
  0.000
  0.000
  0.000
  0.000
  0.000
  0.000
  0.000
  0.000
  0.000
  0.000
  0.000
  0.000
  0.000
  0.000
  0.000
  0.000
  0.000
  0.000
  0.000
  0.000
  0.000
  0.000
  0.000
  0.000
  0.000
  0.000
  0.000
  0.000
  0.000
  0.000
  0.000
  0.000
  0.000
  0.000
  0.000
  0.000
  0.000
  0.000
  0.000
  0.000
  0.000
  0.000
  0.000
  0.000
  0.000
  0.000
  0.000
  0.000
  0.000
  0.000
  0.000
  0.000
  0.000
  0.000
  0.000
  0.000
  0.000
  0.000
  0.000
  0.000
  0.000
  1.421
  4.198
  1.378
  0.000
  0.000
  1.318
  0.000
  1.281
  1.262
  0.000
  0.000
  0.000
  3.579
  0.000
  0.000
  2.289
  3.387
  2.228
  1.099
  2.169
  0.000
  0.000
  1.043
  2.058
  1.016
  0.000
  2.971
  3.911
  0.966
  0.954
  2.825
  0.930
  0.919
  3.631
  0.000
  0.000
  1.751
  0.000
  0.000
  0.845
  0.835
  1.651
  0.816
  1.613
  0.798
  0.000
  0.780
  0.771
  1.525
  0.754
  0.746
  0.000
  0.000
  0.000
  0.000
  0.000
  0.699
  0.000
  0.000
  0.000
  0.000
  0.663
  0.000
  0.000
  1.285
  0.636
  1.260
  0.000
  0.617
  0.611
  0.605
  0.599
  1.780
  1.175
  0.582
  0.576
  1.712
  2.260
  0.560
  1.663
  3.295
  0.544
  1.617
  0.000
  1.058
  2.096
  1.039
  2.058
  2.039
  1.516
  1.001
  0.000
  1.967
  0.975
  1.932
  0.479
  0.000
  1.882
  1.866
  1.849
  0.917
  1.363
  0.451
  1.340
  1.772
  1.757
  1.742
  0.864
  0.857
  0.000
  0.000
  0.835
  1.243
  0.411
  1.223
  1.213
  0.401
  0.398
  1.184
  0.391
  1.165
  0.000
  0.765
  0.000
  0.753
