   1   5   1   0  0.1934148E+03  0.5000000E+02
  CAR 
 unknown system                          
   0   0   0
   1   1
 256 256 256
 256
  0.1000000E-09
  0.6250000E-11
  10
  0.2000000E-14  0.9729233E-09  0.1004192E-08  0.9901968E-09
  0.5626019E+02  0.5626019E+02
  0.000
  0.000
  0.000
  0.000
  0.000
  0.000
  0.000
  0.000
  0.000
  0.000
  0.000
  0.000
  0.000
  0.000
  0.000
  0.000
  0.000
329.280
  0.000
  0.000
  0.000
  0.000
  0.000
  0.000
  0.000
  0.000
  0.000
 66.683
124.173
  0.000
  0.000
  0.000
  0.000
  0.000
  0.000
  0.000
  0.000
  0.000
  0.000
  0.000
  0.000
  0.000
  0.000
  0.000
  0.000
  0.000
  0.000
  0.000
  0.000
  0.000
  0.000
  0.000
  0.000
  0.000
  0.000
  0.000
  0.000
  0.000
  0.000
  0.000
  0.000
  0.000
  0.000
  0.000
  0.000
  0.000
  0.000
  0.000
  0.000
  0.000
  0.000
  0.000
  0.000
  0.000
  0.000
  0.000
  0.000
  0.000
  0.000
  0.000
  0.000
  0.000
  0.000
  0.000
  0.000
  0.000
  0.000
  0.000
  0.000
  0.000
  0.000
  0.000
  0.000
  0.000
  0.000
  0.000
  0.000
  0.000
  0.000
  0.000
  0.000
  0.000
  0.000
  0.000
  0.000
  0.000
  0.000
  0.000
  0.000
  0.000
  0.000
  0.000
  0.000
  0.000
  0.000
  0.000
  0.000
  0.000
  0.000
  0.000
  0.000
  0.000
  0.000
  0.000
  0.000
  0.000
  0.000
  0.000
  0.000
  0.000
  1.481
  0.000
  1.436
  1.415
  0.000
  1.373
  1.353
  1.334
  1.315
  0.000
  0.000
  0.000
  0.000
  1.225
  1.208
  3.573
  0.000
  2.318
  0.000
  2.257
  2.227
  1.099
  2.169
  1.070
  1.056
  0.000
  2.059
  0.000
  1.004
  3.965
  3.916
  2.901
  0.955
  1.887
  0.000
  0.921
  0.000
  0.000
  0.000
  0.878
  0.000
  0.857
  1.695
  3.351
  0.828
  2.456
  0.809
  0.800
  0.000
  0.783
  0.774
  0.000
  0.000
  0.000
  0.000
  0.733
  1.450
  0.000
  0.000
  0.000
  0.000
  0.000
  0.000
  0.000
  0.667
  0.660
  0.653
  0.000
  0.000
  1.267
  0.000
  0.621
  0.615
  2.436
  0.603
  0.597
  1.183
  1.757
  1.160
  0.575
  1.707
  0.564
  2.234
  1.660
  1.644
  0.543
  2.690
  1.599
  0.528
  2.094
  0.519
  0.000
  2.547
  1.010
  0.500
  2.480
  1.475
  0.974
  0.966
  0.958
  1.899
  0.471
  2.799
  0.463
  1.834
  1.364
  0.451
  0.894
  2.217
  0.879
  0.436
  0.865
  0.858
  1.276
  0.422
  0.418
  1.245
  0.412
  1.633
  0.405
  0.804
  0.399
  0.791
  0.392
  0.389
  0.000
  0.7990819E+02  0.7990819E+02
  0.000
  0.000
  0.000
  0.000
  0.000
  0.000
  0.000
  0.000
  0.000
  0.000
  0.000
  0.000
  0.000
  0.000
  0.000
  0.000
  0.000
329.280
  0.000
  0.000
  0.000
  0.000
  0.000
  0.000
  0.000
  0.000
  0.000
  0.000
124.173
 57.949
  0.000
  0.000
  0.000
  0.000
  0.000
  0.000
  0.000
  0.000
  0.000
  0.000
  0.000
  0.000
  0.000
  0.000
  0.000
  0.000
  0.000
  0.000
  0.000
  0.000
  0.000
  0.000
  0.000
  0.000
  0.000
  0.000
  0.000
  0.000
  0.000
  0.000
  0.000
  0.000
  0.000
  0.000
  0.000
  0.000
  0.000
  0.000
  0.000
  0.000
  0.000
  0.000
  0.000
  0.000
  0.000
  0.000
  0.000
  0.000
  0.000
  0.000
  0.000
  0.000
  0.000
  0.000
  0.000
  0.000
  0.000
  0.000
  0.000
  0.000
  0.000
  0.000
  0.000
  0.000
  0.000
  0.000
  0.000
  0.000
  0.000
  0.000
  0.000
  0.000
  0.000
  0.000
  0.000
  0.000
  0.000
  0.000
  0.000
  0.000
  0.000
  0.000
  0.000
  0.000
  0.000
  0.000
  0.000
  0.000
  0.000
  0.000
  0.000
  0.000
  0.000
  0.000
  0.000
  0.000
  0.000
  0.000
  0.000
  1.504
  0.000
  1.458
  0.000
  1.415
  0.000
  1.373
  1.353
  1.334
  1.315
  0.000
  0.000
  0.000
  0.000
  1.225
  1.208
  3.573
  2.350
  0.000
  0.000
  2.257
  2.227
  1.099
  1.084
  2.140
  1.056
  1.043
  1.030
  0.000
  0.000
  6.939
  1.958
  1.934
  1.910
  0.943
  1.864
  0.000
  0.000
  0.000
  0.000
  0.878
  0.000
  0.857
  0.847
  3.351
  0.828
  3.275
  0.809
  0.800
  0.000
  0.783
  0.000
  0.766
  0.000
  0.000
  0.000
  0.733
  0.725
  0.717
  0.000
  0.000
  0.000
  0.000
  0.000
  0.000
  0.667
  0.660
  0.653
  0.000
  0.640
  0.634
  0.000
  0.621
  1.845
  1.218
  0.603
  0.597
  1.183
  2.343
  0.580
  1.149
  1.707
  1.127
  1.675
  1.106
  0.548
  1.629
  2.690
  1.066
  1.056
  2.094
  0.519
  0.000
  2.038
  1.010
  1.001
  2.480
  0.983
  1.462
  0.483
  1.436
  1.899
  0.471
  2.333
  0.925
  1.834
  0.909
  1.353
  0.447
  1.773
  0.879
  0.872
  0.432
  1.286
  1.276
  0.422
  0.418
  0.830
  0.412
  1.633
  0.405
  1.607
  0.000
  0.791
  0.392
  0.389
  0.000
  0.5193631E+02  0.5193631E+02
  0.000
  0.000
  0.000
  0.000
  0.000
  0.000
  0.000
  0.000
  0.000
  0.000
  0.000
  0.000
  0.000
  0.000
  0.000
  0.000
  0.000
246.960
 73.663
  0.000
  0.000
  0.000
  0.000
  0.000
  0.000
  0.000
  0.000
 33.342
  0.000
144.872
  0.000
  0.000
  0.000
  0.000
  0.000
  0.000
  0.000
  0.000
  0.000
  0.000
  0.000
  0.000
  0.000
  0.000
  0.000
  0.000
  0.000
  0.000
  0.000
  0.000
  0.000
  0.000
  0.000
  0.000
  0.000
  0.000
  0.000
  0.000
  0.000
  0.000
  0.000
  0.000
  0.000
  0.000
  0.000
  0.000
  0.000
  0.000
  0.000
  0.000
  0.000
  0.000
  0.000
  0.000
  0.000
  0.000
  0.000
  0.000
  0.000
  0.000
  0.000
  0.000
  0.000
  0.000
  0.000
  0.000
  0.000
  0.000
  0.000
  0.000
  0.000
  0.000
  0.000
  0.000
  0.000
  0.000
  0.000
  0.000
  0.000
  0.000
  0.000
  0.000
  0.000
  0.000
  0.000
  0.000
  0.000
  0.000
  0.000
  0.000
  0.000
  0.000
  0.000
  0.000
  0.000
  0.000
  0.000
  0.000
  0.000
  0.000
  0.000
  0.000
  0.000
  0.000
  0.000
  0.000
  0.000
  0.000
  1.527
  0.000
  1.481
  0.000
  0.000
  1.415
  0.000
  1.373
  1.353
  2.668
  0.000
  0.000
  0.000
  0.000
  0.000
  1.225
  2.415
  2.382
  2.350
  0.000
  1.144
  1.128
  0.000
  3.296
  1.084
  3.211
  0.000
  1.043
  1.030
  0.000
  0.000
  5.947
  2.937
  1.934
  1.910
  0.943
  1.864
  0.000
  0.000
  0.000
  0.000
  0.878
  0.000
  0.857
  0.847
  1.675
  3.313
  1.637
  1.619
  0.800
  0.000
  0.783
  0.000
  0.766
  0.000
  0.000
  0.000
  0.733
  0.725
  0.717
  0.000
  0.000
  0.000
  0.000
  0.000
  0.000
  1.333
  0.000
  0.653
  0.000
  0.640
  0.634
  0.000
  1.242
  1.845
  0.609
  0.603
  1.194
  0.591
  2.343
  0.580
  0.575
  2.276
  1.691
  0.558
  1.660
  0.548
  2.715
  1.614
  1.066
  1.056
  2.094
  0.519
  0.000
  2.038
  1.010
  1.501
  1.984
  1.475
  0.974
  0.483
  1.436
  1.424
  0.941
  1.866
  1.388
  2.293
  0.000
  1.353
  0.894
  1.773
  0.879
  0.872
  0.432
  0.429
  2.127
  0.000
  0.837
  0.830
  1.235
  0.408
  0.810
  1.607
  0.399
  0.000
  0.785
  0.389
  0.000
  0.8270528E+02  0.8270528E+02
  0.000
  0.000
  0.000
  0.000
  0.000
  0.000
  0.000
  0.000
  0.000
  0.000
  0.000
  0.000
  0.000
  0.000
  0.000
  0.000
  0.000
329.280
  0.000
  0.000
  0.000
  0.000
  0.000
  0.000
  0.000
  0.000
  0.000
 33.342
 31.043
115.898
  0.000
  0.000
  0.000
  0.000
  0.000
  0.000
  0.000
  0.000
  0.000
  0.000
  0.000
  0.000
  0.000
  0.000
  0.000
  0.000
  0.000
  0.000
  0.000
  0.000
  0.000
  0.000
  0.000
  0.000
  0.000
  0.000
  0.000
  0.000
  0.000
  0.000
  0.000
  0.000
  0.000
  0.000
  0.000
  0.000
  0.000
  0.000
  0.000
  0.000
  0.000
  0.000
  0.000
  0.000
  0.000
  0.000
  0.000
  0.000
  0.000
  0.000
  0.000
  0.000
  0.000
  0.000
  0.000
  0.000
  0.000
  0.000
  0.000
  0.000
  0.000
  0.000
  0.000
  0.000
  0.000
  0.000
  0.000
  0.000
  0.000
  0.000
  0.000
  0.000
  0.000
  0.000
  0.000
  0.000
  0.000
  0.000
  0.000
  0.000
  0.000
  0.000
  0.000
  0.000
  0.000
  0.000
  0.000
  0.000
  0.000
  0.000
  0.000
  0.000
  0.000
  0.000
  0.000
  0.000
  0.000
  0.000
  0.000
  1.504
  0.000
  1.458
  0.000
  0.000
  1.394
  1.373
  1.353
  1.334
  1.315
  0.000
  0.000
  0.000
  0.000
  1.225
  1.208
  3.573
  1.175
  1.159
  2.287
  0.000
  0.000
  3.296
  1.084
  3.211
  0.000
  1.043
  1.030
  0.000
  0.000
  4.956
  2.937
  3.867
  0.000
  1.887
  1.864
  0.000
  0.000
  0.000
  0.000
  0.878
  0.000
  0.857
  2.542
  0.838
  2.484
  1.637
  2.428
  0.000
  0.791
  0.000
  0.000
  0.766
  0.000
  0.000
  0.000
  0.733
  0.000
  1.435
  0.000
  0.000
  0.000
  0.000
  0.000
  0.000
  0.667
  0.660
  0.653
  0.000
  0.000
  1.267
  0.000
  1.242
  1.845
  0.609
  0.603
  0.597
  1.183
  2.343
  0.580
  0.575
  1.707
  1.691
  1.117
  1.106
  1.096
  2.172
  2.152
  0.533
  2.641
  0.523
  1.037
  0.000
  2.038
  0.505
  2.502
  0.000
  2.949
  1.462
  0.483
  0.958
  1.899
  0.471
  1.400
  2.313
  1.376
  0.455
  1.803
  0.447
  1.773
  0.440
  1.308
  0.432
  0.000
  2.552
  0.422
  0.837
  0.415
  1.647
  0.000
  1.620
  0.402
  0.797
  0.396
  0.392
  0.389
  0.000
  0.6335372E+02  0.6335372E+02
  0.000
  0.000
  0.000
  0.000
  0.000
  0.000
  0.000
  0.000
  0.000
  0.000
  0.000
  0.000
  0.000
  0.000
  0.000
  0.000
 92.597
246.960
  0.000
  0.000
  0.000
  0.000
  0.000
  0.000
  0.000
  0.000
 35.905
 33.342
 93.129
 28.974
  0.000
  0.000
  0.000
  0.000
  0.000
  0.000
  0.000
  0.000
  0.000
  0.000
  0.000
  0.000
  0.000
  0.000
  0.000
  0.000
  0.000
  0.000
  0.000
  0.000
  0.000
  0.000
  0.000
  0.000
  0.000
  0.000
  0.000
  0.000
  0.000
  0.000
  0.000
  0.000
  0.000
  0.000
  0.000
  0.000
  0.000
  0.000
  0.000
  0.000
  0.000
  0.000
  0.000
  0.000
  0.000
  0.000
  0.000
  0.000
  0.000
  0.000
  0.000
  0.000
  0.000
  0.000
  0.000
  0.000
  0.000
  0.000
  0.000
  0.000
  0.000
  0.000
  0.000
  0.000
  0.000
  0.000
  0.000
  0.000
  0.000
  0.000
  0.000
  0.000
  0.000
  0.000
  0.000
  0.000
  0.000
  0.000
  0.000
  0.000
  0.000
  0.000
  0.000
  0.000
  0.000
  0.000
  0.000
  0.000
  0.000
  0.000
  0.000
  0.000
  0.000
  0.000
  0.000
  0.000
  0.000
  0.000
  0.000
  0.000
  1.481
  1.458
  0.000
  0.000
  0.000
  2.747
  0.000
  2.668
  0.000
  1.296
  0.000
  0.000
  0.000
  1.225
  0.000
  4.765
  1.175
  1.159
  2.287
  0.000
  2.227
  1.099
  0.000
  4.281
  0.000
  1.043
  1.030
  0.000
  0.000
  4.956
  3.916
  2.901
  1.910
  0.000
  0.932
  0.921
  0.000
  0.000
  0.000
  0.878
  0.000
  0.857
  2.542
  2.513
  1.656
  0.819
  2.428
  0.000
  0.791
  0.000
  0.774
  0.000
  0.000
  0.000
  0.000
  0.733
  0.725
  0.717
  0.000
  0.000
  0.000
  0.000
  0.000
  0.000
  0.667
  0.660
  0.000
  0.646
  0.000
  1.267
  0.000
  0.000
  2.460
  0.609
  1.206
  0.597
  0.591
  1.171
  2.320
  0.575
  1.707
  1.691
  0.000
  2.213
  1.096
  1.629
  2.690
  0.533
  2.641
  0.523
  1.037
  0.000
  2.038
  1.010
  2.001
  0.000
  2.949
  1.462
  0.966
  0.479
  1.899
  1.412
  1.400
  1.850
  0.917
  0.909
  1.353
  0.447
  2.217
  0.440
  1.308
  0.000
  0.858
  2.127
  0.422
  0.418
  0.830
  0.823
  0.817
  1.215
  0.402
  0.797
  0.396
  0.392
  0.389
  0.000
  0.1427766E+03  0.1427766E+03
  0.000
  0.000
  0.000
  0.000
  0.000
  0.000
  0.000
  0.000
  0.000
  0.000
  0.000
  0.000
  0.000
  0.000
  0.000
  0.000
  0.000
329.280
  0.000
  0.000
  0.000
  0.000
  0.000
  0.000
  0.000
  0.000
  0.000
 33.342
 93.129
 57.949
  0.000
  0.000
  0.000
  0.000
  0.000
  0.000
  0.000
  0.000
  0.000
  0.000
  0.000
  0.000
  0.000
  0.000
  0.000
  0.000
  0.000
  0.000
  0.000
  0.000
  0.000
  0.000
  0.000
  0.000
  0.000
  0.000
  0.000
  0.000
  0.000
  0.000
  0.000
  0.000
  0.000
  0.000
  0.000
  0.000
  0.000
  0.000
  0.000
  0.000
  0.000
  0.000
  0.000
  0.000
  0.000
  0.000
  0.000
  0.000
  0.000
  0.000
  0.000
  0.000
  0.000
  0.000
  0.000
  0.000
  0.000
  0.000
  0.000
  0.000
  0.000
  0.000
  0.000
  0.000
  0.000
  0.000
  0.000
  0.000
  0.000
  0.000
  0.000
  0.000
  0.000
  0.000
  0.000
  0.000
  0.000
  0.000
  0.000
  0.000
  0.000
  0.000
  0.000
  0.000
  0.000
  0.000
  0.000
  0.000
  0.000
  0.000
  0.000
  0.000
  0.000
  0.000
  0.000
  0.000
  0.000
  0.000
  0.000
  0.000
  1.481
  1.458
  0.000
  1.415
  0.000
  2.747
  0.000
  0.000
  2.629
  0.000
  0.000
  0.000
  0.000
  0.000
  1.208
  4.765
  0.000
  2.318
  1.144
  1.128
  2.227
  1.099
  1.084
  3.211
  0.000
  1.043
  1.030
  0.000
  1.004
  3.965
  4.895
  0.967
  1.910
  0.943
  0.932
  0.921
  0.000
  0.000
  0.000
  0.878
  0.000
  0.857
  1.695
  3.351
  0.828
  1.637
  1.619
  0.800
  0.000
  0.783
  0.000
  0.766
  0.000
  0.000
  0.741
  0.000
  1.450
  0.000
  0.000
  0.000
  0.000
  0.000
  0.000
  0.000
  1.333
  0.000
  0.000
  0.646
  0.000
  1.267
  0.000
  1.242
  0.615
  1.827
  0.603
  0.597
  0.591
  2.343
  1.160
  0.575
  2.276
  0.564
  1.675
  1.660
  1.096
  1.629
  2.152
  1.066
  1.585
  1.570
  0.519
  0.514
  1.019
  1.514
  1.501
  0.992
  2.458
  0.974
  0.966
  0.958
  1.424
  0.941
  2.333
  1.388
  1.376
  1.364
  0.451
  0.894
  2.217
  0.440
  1.308
  0.000
  1.286
  1.701
  0.000
  0.418
  1.245
  0.412
  0.817
  1.620
  0.402
  1.196
  0.000
  0.392
  0.389
  0.386
  0.9152857E+02  0.9152857E+02
  0.000
  0.000
  0.000
  0.000
  0.000
  0.000
  0.000
  0.000
  0.000
  0.000
  0.000
  0.000
  0.000
  0.000
  0.000
  0.000
  0.000
246.960
 73.663
  0.000
  0.000
  0.000
  0.000
  0.000
  0.000
  0.000
  0.000
  0.000
 93.129
 86.923
  0.000
  0.000
  0.000
  0.000
  0.000
  0.000
  0.000
  0.000
  0.000
  0.000
  0.000
  0.000
  0.000
  0.000
  0.000
  0.000
  0.000
  0.000
  0.000
  0.000
  0.000
  0.000
  0.000
  0.000
  0.000
  0.000
  0.000
  0.000
  0.000
  0.000
  0.000
  0.000
  0.000
  0.000
  0.000
  0.000
  0.000
  0.000
  0.000
  0.000
  0.000
  0.000
  0.000
  0.000
  0.000
  0.000
  0.000
  0.000
  0.000
  0.000
  0.000
  0.000
  0.000
  0.000
  0.000
  0.000
  0.000
  0.000
  0.000
  0.000
  0.000
  0.000
  0.000
  0.000
  0.000
  0.000
  0.000
  0.000
  0.000
  0.000
  0.000
  0.000
  0.000
  0.000
  0.000
  0.000
  0.000
  0.000
  0.000
  0.000
  0.000
  0.000
  0.000
  0.000
  0.000
  0.000
  0.000
  0.000
  0.000
  0.000
  0.000
  0.000
  0.000
  0.000
  0.000
  0.000
  0.000
  0.000
  0.000
  1.504
  1.481
  0.000
  1.436
  0.000
  1.394
  1.373
  0.000
  2.668
  0.000
  0.000
  0.000
  0.000
  0.000
  1.225
  1.208
  3.573
  0.000
  1.159
  2.287
  1.128
  3.340
  0.000
  2.169
  1.070
  1.056
  0.000
  2.059
  0.000
  1.004
  2.974
  4.895
  1.934
  1.910
  0.943
  0.932
  0.921
  0.000
  0.000
  0.000
  0.878
  0.000
  0.857
  1.695
  3.351
  0.000
  2.456
  1.619
  0.000
  0.791
  0.000
  0.774
  0.000
  0.757
  0.000
  0.000
  0.733
  0.725
  0.717
  0.000
  0.000
  0.000
  0.000
  0.000
  0.673
  0.667
  0.000
  0.653
  0.000
  0.000
  1.267
  0.627
  0.621
  1.230
  1.827
  0.000
  0.597
  2.957
  0.586
  0.580
  0.575
  2.276
  1.127
  1.675
  1.660
  0.548
  2.172
  1.076
  2.132
  1.056
  1.570
  0.519
  0.000
  2.038
  1.514
  1.001
  0.992
  2.458
  0.974
  0.483
  0.958
  1.424
  1.412
  1.866
  1.388
  1.376
  1.819
  0.451
  0.447
  1.773
  0.879
  1.308
  0.432
  1.286
  0.851
  0.844
  0.837
  0.415
  0.412
  1.225
  1.215
  0.804
  0.797
  0.396
  0.392
  0.389
  0.000
  0.9552812E+02  0.9552812E+02
  0.000
  0.000
  0.000
  0.000
  0.000
  0.000
  0.000
  0.000
  0.000
  0.000
  0.000
  0.000
  0.000
  0.000
  0.000
  0.000
  0.000
246.960
 73.663
  0.000
  0.000
  0.000
  0.000
  0.000
  0.000
  0.000
  0.000
  0.000
 93.129
 86.923
  0.000
  0.000
  0.000
  0.000
  0.000
  0.000
  0.000
  0.000
  0.000
  0.000
  0.000
  0.000
  0.000
  0.000
  0.000
  0.000
  0.000
  0.000
  0.000
  0.000
  0.000
  0.000
  0.000
  0.000
  0.000
  0.000
  0.000
  0.000
  0.000
  0.000
  0.000
  0.000
  0.000
  0.000
  0.000
  0.000
  0.000
  0.000
  0.000
  0.000
  0.000
  0.000
  0.000
  0.000
  0.000
  0.000
  0.000
  0.000
  0.000
  0.000
  0.000
  0.000
  0.000
  0.000
  0.000
  0.000
  0.000
  0.000
  0.000
  0.000
  0.000
  0.000
  0.000
  0.000
  0.000
  0.000
  0.000
  0.000
  0.000
  0.000
  0.000
  0.000
  0.000
  0.000
  0.000
  0.000
  0.000
  0.000
  0.000
  0.000
  0.000
  0.000
  0.000
  0.000
  0.000
  0.000
  0.000
  0.000
  0.000
  0.000
  0.000
  0.000
  0.000
  0.000
  0.000
  0.000
  0.000
  0.000
  0.000
  0.000
  2.961
  0.000
  1.436
  0.000
  0.000
  2.747
  0.000
  2.668
  0.000
  0.000
  0.000
  0.000
  0.000
  2.449
  0.000
  3.573
  0.000
  1.159
  1.144
  2.257
  2.227
  1.099
  2.169
  1.070
  1.056
  0.000
  2.059
  0.000
  1.004
  4.956
  2.937
  1.934
  1.910
  0.000
  2.796
  0.000
  0.000
  0.000
  0.000
  0.878
  0.000
  1.715
  0.847
  3.351
  0.000
  2.456
  1.619
  0.000
  0.791
  0.000
  0.774
  0.766
  0.000
  0.000
  0.000
  0.733
  1.450
  0.000
  0.000
  0.000
  0.000
  0.000
  0.681
  0.000
  0.667
  0.000
  0.653
  0.000
  0.000
  1.267
  0.627
  0.000
  1.845
  1.827
  0.000
  0.597
  2.957
  0.586
  0.580
  0.575
  1.138
  2.255
  1.117
  2.213
  0.548
  1.086
  2.690
  1.066
  1.056
  2.094
  0.519
  0.000
  2.038
  1.514
  1.001
  1.984
  0.983
  1.462
  0.483
  0.958
  1.424
  1.412
  2.333
  0.925
  1.834
  1.364
  0.451
  0.894
  1.330
  1.759
  0.000
  0.865
  1.286
  0.851
  1.266
  0.418
  0.415
  0.412
  1.225
  1.620
  0.000
  0.797
  1.187
  0.000
  0.389
  0.000
  0.1005941E+03  0.1005941E+03
  0.000
  0.000
  0.000
  0.000
  0.000
  0.000
  0.000
  0.000
  0.000
  0.000
  0.000
  0.000
  0.000
  0.000
  0.000
  0.000
 92.597
164.640
 73.663
  0.000
  0.000
  0.000
  0.000
  0.000
  0.000
  0.000
  0.000
 33.342
124.173
 28.974
  0.000
  0.000
  0.000
  0.000
  0.000
  0.000
  0.000
  0.000
  0.000
  0.000
  0.000
  0.000
  0.000
  0.000
  0.000
  0.000
  0.000
  0.000
  0.000
  0.000
  0.000
  0.000
  0.000
  0.000
  0.000
  0.000
  0.000
  0.000
  0.000
  0.000
  0.000
  0.000
  0.000
  0.000
  0.000
  0.000
  0.000
  0.000
  0.000
  0.000
  0.000
  0.000
  0.000
  0.000
  0.000
  0.000
  0.000
  0.000
  0.000
  0.000
  0.000
  0.000
  0.000
  0.000
  0.000
  0.000
  0.000
  0.000
  0.000
  0.000
  0.000
  0.000
  0.000
  0.000
  0.000
  0.000
  0.000
  0.000
  0.000
  0.000
  0.000
  0.000
  0.000
  0.000
  0.000
  0.000
  0.000
  0.000
  0.000
  0.000
  0.000
  0.000
  0.000
  0.000
  0.000
  0.000
  0.000
  0.000
  0.000
  0.000
  0.000
  0.000
  0.000
  0.000
  0.000
  0.000
  0.000
  0.000
  0.000
  0.000
  1.481
  1.458
  0.000
  1.415
  0.000
  1.373
  1.353
  1.334
  0.000
  1.296
  0.000
  0.000
  0.000
  2.449
  1.208
  2.382
  0.000
  1.159
  1.144
  2.257
  2.227
  1.099
  2.169
  1.070
  1.056
  1.043
  1.030
  1.017
  1.004
  3.965
  2.937
  1.934
  1.910
  0.000
  1.864
  0.921
  0.000
  0.000
  0.000
  0.878
  0.000
  2.572
  0.847
  2.513
  0.000
  2.456
  1.619
  0.800
  0.000
  0.783
  0.774
  0.000
  0.000
  0.000
  0.000
  0.733
  0.725
  0.717
  0.000
  0.000
  0.000
  0.000
  0.000
  0.673
  0.000
  0.660
  0.653
  0.000
  0.000
  0.634
  1.255
  0.000
  2.460
  0.609
  1.206
  0.000
  1.774
  1.171
  0.580
  1.149
  1.138
  1.127
  2.234
  1.660
  1.096
  1.629
  1.614
  2.665
  0.000
  2.094
  0.519
  0.514
  1.019
  2.019
  1.001
  1.984
  0.983
  0.974
  1.449
  0.958
  1.899
  0.000
  2.799
  1.388
  2.293
  0.455
  0.451
  0.447
  1.773
  1.759
  0.436
  0.865
  0.858
  0.851
  1.266
  0.418
  0.830
  0.000
  2.450
  0.405
  0.402
  0.399
  0.396
  0.785
  0.389
  0.000
  0.1524391E+03  0.1524391E+03
  0.000
  0.000
  0.000
  0.000
  0.000
  0.000
  0.000
  0.000
  0.000
  0.000
  0.000
  0.000
  0.000
  0.000
  0.000
  0.000
 92.597
246.960
  0.000
  0.000
  0.000
  0.000
  0.000
  0.000
  0.000
  0.000
  0.000
 33.342
124.173
 28.974
  0.000
  0.000
  0.000
  0.000
  0.000
  0.000
  0.000
  0.000
  0.000
  0.000
  0.000
  0.000
  0.000
  0.000
  0.000
  0.000
  0.000
  0.000
  0.000
  0.000
  0.000
  0.000
  0.000
  0.000
  0.000
  0.000
  0.000
  0.000
  0.000
  0.000
  0.000
  0.000
  0.000
  0.000
  0.000
  0.000
  0.000
  0.000
  0.000
  0.000
  0.000
  0.000
  0.000
  0.000
  0.000
  0.000
  0.000
  0.000
  0.000
  0.000
  0.000
  0.000
  0.000
  0.000
  0.000
  0.000
  0.000
  0.000
  0.000
  0.000
  0.000
  0.000
  0.000
  0.000
  0.000
  0.000
  0.000
  0.000
  0.000
  0.000
  0.000
  0.000
  0.000
  0.000
  0.000
  0.000
  0.000
  0.000
  0.000
  0.000
  0.000
  0.000
  0.000
  0.000
  0.000
  0.000
  0.000
  0.000
  0.000
  0.000
  0.000
  0.000
  0.000
  0.000
  0.000
  0.000
  0.000
  0.000
  0.000
  0.000
  1.481
  0.000
  1.436
  1.415
  1.394
  0.000
  1.353
  0.000
  1.315
  1.296
  0.000
  0.000
  0.000
  2.449
  1.208
  2.382
  0.000
  1.159
  1.144
  3.385
  2.227
  0.000
  2.169
  0.000
  2.113
  1.043
  1.030
  1.017
  2.008
  2.974
  2.937
  0.967
  2.865
  0.000
  1.864
  0.000
  0.910
  0.000
  0.888
  0.000
  0.000
  1.715
  2.542
  1.675
  0.000
  2.456
  0.809
  1.601
  0.000
  0.783
  0.774
  0.000
  0.000
  0.000
  0.741
  0.000
  0.725
  0.717
  0.000
  0.000
  0.000
  0.000
  0.000
  0.673
  0.000
  0.660
  0.000
  0.646
  0.000
  0.634
  0.627
  0.621
  1.845
  1.218
  0.603
  1.194
  1.183
  0.586
  1.740
  0.000
  2.276
  0.564
  2.234
  2.213
  0.548
  1.086
  1.614
  2.132
  1.056
  2.094
  0.519
  0.514
  1.019
  2.524
  1.001
  1.488
  0.983
  1.462
  0.966
  1.436
  0.949
  0.941
  1.866
  1.850
  2.293
  0.455
  0.451
  0.447
  1.330
  2.198
  1.308
  0.000
  0.858
  0.851
  1.266
  0.418
  0.830
  0.412
  1.225
  1.215
  0.000
  1.196
  0.000
  0.785
  0.389
  0.000
