   1   5   1   0  0.1973881E+03  0.5000000E+02
  CAR 
 unknown system                          
   0   0   0
   1   1
 256 256 256
 256
  0.1000000E-09
  0.6250000E-11
  10
  0.2000000E-14  0.1007603E-08  0.9789295E-09  0.1001115E-08
  0.6563156E+02  0.6563156E+02
  0.000
  0.000
  0.000
  0.000
  0.000
  0.000
  0.000
  0.000
  0.000
  0.000
  0.000
  0.000
  0.000
  0.000
  0.000
  0.000
  0.000
336.045
  0.000
  0.000
  0.000
  0.000
  0.000
  0.000
  0.000
  0.000
  0.000
 34.027
126.723
 29.570
  0.000
  0.000
  0.000
  0.000
  0.000
  0.000
  0.000
  0.000
  0.000
  0.000
  0.000
  0.000
  0.000
  0.000
  0.000
  0.000
  0.000
  0.000
  0.000
  0.000
  0.000
  0.000
  0.000
  0.000
  0.000
  0.000
  0.000
  0.000
  0.000
  0.000
  0.000
  0.000
  0.000
  0.000
  0.000
  0.000
  0.000
  0.000
  0.000
  0.000
  0.000
  0.000
  0.000
  0.000
  0.000
  0.000
  0.000
  0.000
  0.000
  0.000
  0.000
  0.000
  0.000
  0.000
  0.000
  0.000
  0.000
  0.000
  0.000
  0.000
  0.000
  0.000
  0.000
  0.000
  0.000
  0.000
  0.000
  0.000
  0.000
  0.000
  0.000
  0.000
  0.000
  0.000
  0.000
  0.000
  0.000
  0.000
  0.000
  0.000
  0.000
  0.000
  0.000
  0.000
  0.000
  0.000
  0.000
  0.000
  0.000
  0.000
  0.000
  0.000
  0.000
  0.000
  0.000
  0.000
  0.000
  0.000
  0.000
  0.000
  0.000
  1.488
  1.466
  1.444
  0.000
  0.000
  1.381
  0.000
  0.000
  1.322
  1.304
  1.285
  0.000
  1.250
  0.000
  3.647
  1.199
  2.366
  2.334
  2.303
  1.136
  0.000
  0.000
  0.000
  1.078
  1.064
  1.051
  1.037
  1.024
  2.023
  2.997
  2.960
  1.949
  0.963
  0.951
  0.940
  2.785
  1.835
  0.000
  2.687
  0.000
  0.875
  0.865
  1.710
  0.845
  0.836
  0.000
  0.817
  1.615
  0.000
  0.790
  0.781
  0.000
  0.000
  1.512
  0.000
  0.000
  0.732
  0.724
  0.000
  0.000
  0.000
  0.000
  0.000
  0.680
  0.000
  0.000
  0.660
  0.000
  0.647
  1.280
  0.634
  1.255
  0.000
  0.615
  0.609
  1.811
  0.000
  2.368
  0.000
  0.581
  2.877
  2.280
  1.129
  0.000
  0.554
  2.745
  2.720
  0.539
  1.068
  2.117
  0.525
  2.599
  0.515
  1.532
  1.012
  1.003
  1.989
  1.479
  0.977
  1.453
  0.480
  0.952
  0.944
  1.404
  1.856
  1.840
  0.456
  1.357
  1.795
  0.890
  0.883
  0.000
  2.170
  0.861
  0.427
  0.847
  0.840
  0.417
  1.654
  0.000
  0.407
  1.211
  0.801
  0.795
  0.788
  0.1002033E+03  0.1002033E+03
  0.000
  0.000
  0.000
  0.000
  0.000
  0.000
  0.000
  0.000
  0.000
  0.000
  0.000
  0.000
  0.000
  0.000
  0.000
  0.000
  0.000
336.045
  0.000
  0.000
  0.000
  0.000
  0.000
  0.000
  0.000
  0.000
  0.000
  0.000
 95.043
 88.709
  0.000
  0.000
  0.000
  0.000
  0.000
  0.000
  0.000
  0.000
  0.000
  0.000
  0.000
  0.000
  0.000
  0.000
  0.000
  0.000
  0.000
  0.000
  0.000
  0.000
  0.000
  0.000
  0.000
  0.000
  0.000
  0.000
  0.000
  0.000
  0.000
  0.000
  0.000
  0.000
  0.000
  0.000
  0.000
  0.000
  0.000
  0.000
  0.000
  0.000
  0.000
  0.000
  0.000
  0.000
  0.000
  0.000
  0.000
  0.000
  0.000
  0.000
  0.000
  0.000
  0.000
  0.000
  0.000
  0.000
  0.000
  0.000
  0.000
  0.000
  0.000
  0.000
  0.000
  0.000
  0.000
  0.000
  0.000
  0.000
  0.000
  0.000
  0.000
  0.000
  0.000
  0.000
  0.000
  0.000
  0.000
  0.000
  0.000
  0.000
  0.000
  0.000
  0.000
  0.000
  0.000
  0.000
  0.000
  0.000
  0.000
  0.000
  0.000
  0.000
  0.000
  0.000
  0.000
  0.000
  0.000
  0.000
  0.000
  0.000
  1.511
  0.000
  1.466
  1.444
  0.000
  0.000
  1.381
  0.000
  0.000
  1.322
  2.607
  0.000
  0.000
  1.250
  0.000
  3.647
  2.398
  1.183
  4.668
  1.151
  0.000
  0.000
  0.000
  1.092
  0.000
  1.064
  1.051
  1.037
  1.024
  3.035
  1.998
  2.960
  1.949
  0.963
  0.951
  0.940
  2.785
  1.835
  0.000
  0.896
  1.771
  0.000
  1.730
  0.000
  1.690
  1.671
  0.000
  0.817
  1.615
  0.000
  0.000
  0.781
  0.773
  0.000
  1.512
  0.000
  0.000
  0.732
  0.000
  0.717
  0.000
  0.000
  0.000
  0.687
  0.000
  0.000
  0.667
  0.000
  0.000
  1.293
  0.640
  0.634
  0.628
  0.621
  1.231
  1.219
  0.604
  1.195
  1.184
  0.000
  1.742
  1.726
  2.280
  1.129
  0.000
  0.554
  2.745
  2.176
  1.617
  1.602
  1.059
  0.525
  2.079
  0.515
  2.042
  1.012
  1.505
  1.492
  0.986
  1.466
  1.453
  0.480
  0.476
  0.944
  1.872
  1.856
  1.380
  0.913
  1.357
  1.795
  0.445
  0.883
  0.438
  2.170
  0.861
  0.427
  0.424
  0.840
  0.417
  1.240
  0.820
  0.814
  1.615
  0.000
  1.192
  0.394
  0.8904769E+02  0.8904769E+02
  0.000
  0.000
  0.000
  0.000
  0.000
  0.000
  0.000
  0.000
  0.000
  0.000
  0.000
  0.000
  0.000
  0.000
  0.000
  0.000
  0.000
252.033
 75.176
  0.000
  0.000
  0.000
  0.000
  0.000
  0.000
  0.000
  0.000
  0.000
 63.362
118.278
  0.000
  0.000
  0.000
  0.000
  0.000
  0.000
  0.000
  0.000
  0.000
  0.000
  0.000
  0.000
  0.000
  0.000
  0.000
  0.000
  0.000
  0.000
  0.000
  0.000
  0.000
  0.000
  0.000
  0.000
  0.000
  0.000
  0.000
  0.000
  0.000
  0.000
  0.000
  0.000
  0.000
  0.000
  0.000
  0.000
  0.000
  0.000
  0.000
  0.000
  0.000
  0.000
  0.000
  0.000
  0.000
  0.000
  0.000
  0.000
  0.000
  0.000
  0.000
  0.000
  0.000
  0.000
  0.000
  0.000
  0.000
  0.000
  0.000
  0.000
  0.000
  0.000
  0.000
  0.000
  0.000
  0.000
  0.000
  0.000
  0.000
  0.000
  0.000
  0.000
  0.000
  0.000
  0.000
  0.000
  0.000
  0.000
  0.000
  0.000
  0.000
  0.000
  0.000
  0.000
  0.000
  0.000
  0.000
  0.000
  0.000
  0.000
  0.000
  0.000
  0.000
  0.000
  0.000
  0.000
  0.000
  0.000
  0.000
  0.000
  1.511
  0.000
  2.932
  0.000
  0.000
  0.000
  1.381
  0.000
  0.000
  0.000
  3.911
  0.000
  0.000
  1.250
  1.233
  1.216
  2.398
  3.549
  4.668
  0.000
  0.000
  0.000
  0.000
  1.092
  0.000
  1.064
  0.000
  2.075
  0.000
  4.046
  2.997
  2.960
  0.000
  1.925
  0.951
  0.000
  2.785
  2.752
  0.000
  1.792
  0.885
  0.000
  0.865
  0.855
  0.845
  1.671
  1.652
  0.817
  0.808
  0.000
  0.000
  0.000
  1.545
  0.764
  0.756
  0.000
  0.000
  0.732
  0.000
  0.717
  0.000
  0.000
  0.694
  0.000
  0.000
  0.000
  0.667
  0.000
  0.000
  1.293
  0.640
  0.634
  0.628
  0.621
  1.846
  1.219
  0.000
  1.195
  0.592
  0.586
  1.742
  1.726
  2.280
  1.129
  0.000
  0.554
  2.196
  2.176
  2.156
  1.602
  0.529
  1.049
  2.079
  1.030
  1.021
  1.012
  3.010
  0.994
  0.493
  0.977
  1.453
  0.960
  0.000
  1.416
  1.872
  1.856
  0.920
  1.369
  1.810
  0.897
  0.890
  0.883
  0.438
  2.170
  0.430
  0.854
  0.424
  0.420
  0.834
  1.240
  0.820
  1.221
  0.404
  0.801
  1.192
  0.394
  0.1435328E+03  0.1435328E+03
  0.000
  0.000
  0.000
  0.000
  0.000
  0.000
  0.000
  0.000
  0.000
  0.000
  0.000
  0.000
  0.000
  0.000
  0.000
  0.000
  0.000
252.033
 75.176
  0.000
  0.000
  0.000
  0.000
  0.000
  0.000
  0.000
  0.000
 34.027
 63.362
 88.709
  0.000
  0.000
  0.000
  0.000
  0.000
  0.000
  0.000
  0.000
  0.000
  0.000
  0.000
  0.000
  0.000
  0.000
  0.000
  0.000
  0.000
  0.000
  0.000
  0.000
  0.000
  0.000
  0.000
  0.000
  0.000
  0.000
  0.000
  0.000
  0.000
  0.000
  0.000
  0.000
  0.000
  0.000
  0.000
  0.000
  0.000
  0.000
  0.000
  0.000
  0.000
  0.000
  0.000
  0.000
  0.000
  0.000
  0.000
  0.000
  0.000
  0.000
  0.000
  0.000
  0.000
  0.000
  0.000
  0.000
  0.000
  0.000
  0.000
  0.000
  0.000
  0.000
  0.000
  0.000
  0.000
  0.000
  0.000
  0.000
  0.000
  0.000
  0.000
  0.000
  0.000
  0.000
  0.000
  0.000
  0.000
  0.000
  0.000
  0.000
  0.000
  0.000
  0.000
  0.000
  0.000
  0.000
  0.000
  0.000
  0.000
  0.000
  0.000
  0.000
  0.000
  0.000
  0.000
  0.000
  0.000
  0.000
  0.000
  0.000
  1.511
  0.000
  1.466
  1.444
  0.000
  0.000
  1.381
  0.000
  0.000
  0.000
  2.607
  1.285
  0.000
  1.250
  1.233
  1.216
  2.398
  2.366
  4.668
  1.151
  0.000
  0.000
  0.000
  1.092
  0.000
  0.000
  1.051
  2.075
  2.049
  3.035
  1.998
  2.960
  0.000
  1.925
  0.951
  0.940
  2.785
  1.835
  1.813
  0.000
  0.885
  0.000
  0.865
  0.855
  0.845
  1.671
  1.652
  0.817
  0.808
  0.000
  0.000
  0.781
  0.773
  1.529
  0.000
  0.000
  0.000
  0.732
  0.000
  0.717
  0.000
  0.000
  0.000
  0.687
  0.000
  0.000
  0.667
  0.000
  0.000
  1.293
  0.000
  0.634
  0.628
  1.243
  0.000
  3.047
  0.604
  0.598
  0.592
  1.759
  0.581
  1.151
  2.280
  1.694
  0.000
  0.554
  2.196
  2.720
  2.156
  1.068
  0.529
  0.525
  2.599
  1.546
  0.511
  1.012
  2.508
  1.492
  0.986
  0.000
  1.938
  0.960
  0.476
  0.472
  3.276
  0.464
  1.380
  2.281
  1.357
  0.897
  0.890
  0.441
  0.875
  1.302
  0.430
  1.708
  0.424
  0.420
  0.834
  0.827
  0.820
  0.814
  0.807
  0.801
  0.795
  0.000
  0.4989730E+02  0.4989730E+02
  0.000
  0.000
  0.000
  0.000
  0.000
  0.000
  0.000
  0.000
  0.000
  0.000
  0.000
  0.000
  0.000
  0.000
  0.000
  0.000
 94.500
252.033
  0.000
  0.000
  0.000
  0.000
  0.000
  0.000
  0.000
  0.000
 36.643
 34.027
 95.043
 29.570
  0.000
  0.000
  0.000
  0.000
  0.000
  0.000
  0.000
  0.000
  0.000
  0.000
  0.000
  0.000
  0.000
  0.000
  0.000
  0.000
  0.000
  0.000
  0.000
  0.000
  0.000
  0.000
  0.000
  0.000
  0.000
  0.000
  0.000
  0.000
  0.000
  0.000
  0.000
  0.000
  0.000
  0.000
  0.000
  0.000
  0.000
  0.000
  0.000
  0.000
  0.000
  0.000
  0.000
  0.000
  0.000
  0.000
  0.000
  0.000
  0.000
  0.000
  0.000
  0.000
  0.000
  0.000
  0.000
  0.000
  0.000
  0.000
  0.000
  0.000
  0.000
  0.000
  0.000
  0.000
  0.000
  0.000
  0.000
  0.000
  0.000
  0.000
  0.000
  0.000
  0.000
  0.000
  0.000
  0.000
  0.000
  0.000
  0.000
  0.000
  0.000
  0.000
  0.000
  0.000
  0.000
  0.000
  0.000
  0.000
  0.000
  0.000
  0.000
  0.000
  0.000
  0.000
  0.000
  0.000
  0.000
  0.000
  0.000
  0.000
  0.000
  1.488
  1.466
  0.000
  1.423
  0.000
  1.381
  0.000
  0.000
  0.000
  2.607
  1.285
  0.000
  1.250
  1.233
  1.216
  2.398
  1.183
  3.501
  2.303
  1.136
  0.000
  0.000
  1.092
  0.000
  0.000
  1.051
  3.112
  1.024
  2.023
  2.997
  1.973
  0.975
  0.963
  2.853
  0.000
  2.785
  2.752
  0.906
  0.000
  0.885
  0.000
  1.730
  0.855
  0.845
  1.671
  0.826
  0.817
  0.808
  0.000
  0.790
  0.781
  0.000
  0.764
  0.756
  0.000
  0.000
  0.732
  0.724
  0.000
  0.000
  0.000
  0.000
  0.000
  0.680
  0.000
  0.667
  0.000
  0.000
  0.000
  1.280
  0.000
  1.255
  0.621
  0.615
  1.219
  2.414
  0.598
  0.592
  1.173
  1.162
  1.151
  1.710
  2.258
  0.000
  1.108
  1.098
  3.264
  1.078
  1.602
  1.059
  1.049
  2.079
  1.546
  0.511
  2.024
  1.505
  0.994
  1.479
  0.000
  1.453
  1.441
  0.476
  1.416
  1.404
  1.392
  1.840
  2.738
  1.357
  0.449
  0.445
  0.883
  0.438
  1.736
  0.430
  1.281
  0.424
  0.420
  1.250
  0.827
  0.410
  0.000
  1.615
  1.201
  0.397
  0.000
  0.1770953E+03  0.1770953E+03
  0.000
  0.000
  0.000
  0.000
  0.000
  0.000
  0.000
  0.000
  0.000
  0.000
  0.000
  0.000
  0.000
  0.000
  0.000
  0.000
  0.000
336.045
  0.000
  0.000
  0.000
  0.000
  0.000
  0.000
  0.000
  0.000
  0.000
 68.053
 63.362
 59.139
  0.000
  0.000
  0.000
  0.000
  0.000
  0.000
  0.000
  0.000
  0.000
  0.000
  0.000
  0.000
  0.000
  0.000
  0.000
  0.000
  0.000
  0.000
  0.000
  0.000
  0.000
  0.000
  0.000
  0.000
  0.000
  0.000
  0.000
  0.000
  0.000
  0.000
  0.000
  0.000
  0.000
  0.000
  0.000
  0.000
  0.000
  0.000
  0.000
  0.000
  0.000
  0.000
  0.000
  0.000
  0.000
  0.000
  0.000
  0.000
  0.000
  0.000
  0.000
  0.000
  0.000
  0.000
  0.000
  0.000
  0.000
  0.000
  0.000
  0.000
  0.000
  0.000
  0.000
  0.000
  0.000
  0.000
  0.000
  0.000
  0.000
  0.000
  0.000
  0.000
  0.000
  0.000
  0.000
  0.000
  0.000
  0.000
  0.000
  0.000
  0.000
  0.000
  0.000
  0.000
  0.000
  0.000
  0.000
  0.000
  0.000
  0.000
  0.000
  0.000
  0.000
  0.000
  0.000
  0.000
  0.000
  0.000
  0.000
  0.000
  0.000
  1.488
  1.466
  0.000
  1.423
  0.000
  1.381
  0.000
  0.000
  0.000
  2.607
  1.285
  0.000
  1.250
  0.000
  2.431
  2.398
  1.183
  4.668
  2.303
  0.000
  0.000
  0.000
  1.092
  0.000
  0.000
  1.051
  2.075
  2.049
  2.023
  2.997
  2.960
  0.000
  1.925
  0.951
  0.940
  2.785
  1.835
  0.906
  0.896
  0.885
  0.875
  0.865
  0.000
  0.845
  2.507
  0.826
  0.817
  0.808
  0.000
  0.790
  0.781
  0.000
  0.764
  0.756
  0.000
  0.000
  0.732
  0.000
  0.717
  0.000
  0.000
  0.000
  0.687
  0.000
  0.000
  0.667
  0.000
  0.000
  0.647
  0.640
  0.634
  0.628
  1.243
  0.615
  1.828
  1.207
  0.000
  1.184
  0.000
  2.323
  1.726
  1.140
  2.258
  0.000
  1.108
  1.647
  2.176
  2.156
  0.534
  1.059
  2.098
  1.560
  1.546
  0.511
  2.024
  1.505
  1.492
  0.986
  0.000
  1.453
  0.960
  1.428
  0.944
  1.404
  1.392
  2.301
  1.369
  1.810
  0.897
  0.890
  0.000
  0.875
  1.302
  0.861
  1.281
  0.424
  0.420
  0.834
  0.827
  0.820
  0.407
  1.615
  0.801
  0.397
  0.394
  0.7841799E+02  0.7841799E+02
  0.000
  0.000
  0.000
  0.000
  0.000
  0.000
  0.000
  0.000
  0.000
  0.000
  0.000
  0.000
  0.000
  0.000
  0.000
  0.000
  0.000
168.022
150.353
  0.000
  0.000
  0.000
  0.000
  0.000
  0.000
  0.000
  0.000
  0.000
 63.362
118.278
  0.000
  0.000
  0.000
  0.000
  0.000
  0.000
  0.000
  0.000
  0.000
  0.000
  0.000
  0.000
  0.000
  0.000
  0.000
  0.000
  0.000
  0.000
  0.000
  0.000
  0.000
  0.000
  0.000
  0.000
  0.000
  0.000
  0.000
  0.000
  0.000
  0.000
  0.000
  0.000
  0.000
  0.000
  0.000
  0.000
  0.000
  0.000
  0.000
  0.000
  0.000
  0.000
  0.000
  0.000
  0.000
  0.000
  0.000
  0.000
  0.000
  0.000
  0.000
  0.000
  0.000
  0.000
  0.000
  0.000
  0.000
  0.000
  0.000
  0.000
  0.000
  0.000
  0.000
  0.000
  0.000
  0.000
  0.000
  0.000
  0.000
  0.000
  0.000
  0.000
  0.000
  0.000
  0.000
  0.000
  0.000
  0.000
  0.000
  0.000
  0.000
  0.000
  0.000
  0.000
  0.000
  0.000
  0.000
  0.000
  0.000
  0.000
  0.000
  0.000
  0.000
  0.000
  0.000
  0.000
  0.000
  0.000
  0.000
  0.000
  1.511
  0.000
  1.466
  1.444
  0.000
  1.402
  0.000
  0.000
  0.000
  2.645
  0.000
  1.285
  0.000
  1.250
  1.233
  2.431
  1.199
  4.732
  3.501
  0.000
  0.000
  0.000
  0.000
  1.092
  0.000
  0.000
  1.051
  2.075
  1.024
  2.023
  3.996
  1.973
  0.975
  0.963
  1.902
  0.000
  3.713
  1.835
  0.000
  1.792
  0.885
  0.000
  1.730
  0.000
  0.845
  0.836
  1.652
  0.817
  0.808
  0.799
  0.000
  1.562
  0.000
  0.000
  1.512
  0.000
  0.000
  0.000
  0.724
  0.000
  0.709
  0.000
  0.694
  0.000
  0.000
  0.000
  0.667
  0.000
  0.653
  0.000
  0.640
  1.268
  0.628
  1.243
  1.231
  0.609
  1.207
  0.598
  0.592
  1.173
  1.742
  1.151
  2.280
  1.129
  0.000
  1.108
  1.647
  3.264
  1.078
  0.534
  1.059
  2.098
  2.079
  1.030
  0.511
  2.531
  1.003
  0.994
  0.986
  0.489
  1.453
  0.960
  1.428
  0.944
  0.468
  1.856
  1.840
  2.281
  0.452
  1.346
  1.335
  0.441
  0.000
  2.604
  0.000
  1.281
  0.424
  0.420
  0.000
  1.240
  1.230
  1.627
  0.807
  0.801
  0.795
  0.394
  0.1105262E+03  0.1105262E+03
  0.000
  0.000
  0.000
  0.000
  0.000
  0.000
  0.000
  0.000
  0.000
  0.000
  0.000
  0.000
  0.000
  0.000
  0.000
  0.000
  0.000
  0.000
300.706
  0.000
  0.000
  0.000
  0.000
  0.000
  0.000
  0.000
  0.000
  0.000
  0.000
118.278
 55.325
  0.000
  0.000
  0.000
  0.000
  0.000
  0.000
  0.000
  0.000
  0.000
  0.000
  0.000
  0.000
  0.000
  0.000
  0.000
  0.000
  0.000
  0.000
  0.000
  0.000
  0.000
  0.000
  0.000
  0.000
  0.000
  0.000
  0.000
  0.000
  0.000
  0.000
  0.000
  0.000
  0.000
  0.000
  0.000
  0.000
  0.000
  0.000
  0.000
  0.000
  0.000
  0.000
  0.000
  0.000
  0.000
  0.000
  0.000
  0.000
  0.000
  0.000
  0.000
  0.000
  0.000
  0.000
  0.000
  0.000
  0.000
  0.000
  0.000
  0.000
  0.000
  0.000
  0.000
  0.000
  0.000
  0.000
  0.000
  0.000
  0.000
  0.000
  0.000
  0.000
  0.000
  0.000
  0.000
  0.000
  0.000
  0.000
  0.000
  0.000
  0.000
  0.000
  0.000
  0.000
  0.000
  0.000
  0.000
  0.000
  0.000
  0.000
  0.000
  0.000
  0.000
  0.000
  0.000
  0.000
  0.000
  0.000
  0.000
  1.511
  1.488
  0.000
  1.444
  0.000
  1.402
  0.000
  0.000
  0.000
  2.645
  0.000
  1.285
  0.000
  1.250
  0.000
  3.647
  2.398
  3.549
  2.334
  1.151
  0.000
  0.000
  0.000
  1.092
  0.000
  1.064
  0.000
  2.075
  1.024
  2.023
  3.996
  0.987
  1.949
  0.963
  1.902
  0.940
  0.928
  3.669
  0.000
  0.896
  1.771
  0.000
  1.730
  0.000
  0.000
  2.507
  0.826
  0.817
  0.808
  0.799
  0.000
  0.781
  0.773
  0.000
  1.512
  0.000
  0.000
  0.000
  0.724
  0.000
  0.709
  0.000
  0.694
  0.000
  0.000
  0.673
  0.000
  0.000
  0.653
  0.647
  0.000
  1.268
  0.628
  0.621
  2.462
  0.609
  0.604
  0.598
  1.184
  1.759
  1.162
  1.151
  1.140
  1.694
  0.000
  1.108
  1.647
  2.720
  1.617
  0.534
  1.059
  2.098
  1.560
  1.546
  0.511
  2.531
  1.003
  1.492
  0.493
  0.489
  0.484
  1.921
  0.952
  1.416
  0.936
  1.392
  1.380
  2.281
  1.357
  0.897
  0.890
  0.883
  0.000
  1.736
  0.861
  0.854
  0.424
  0.840
  0.000
  0.827
  1.640
  2.441
  0.000
  0.400
  0.795
  0.394
  0.1760795E+03  0.1760795E+03
  0.000
  0.000
  0.000
  0.000
  0.000
  0.000
  0.000
  0.000
  0.000
  0.000
  0.000
  0.000
  0.000
  0.000
  0.000
  0.000
  0.000
252.033
 75.176
  0.000
  0.000
  0.000
  0.000
  0.000
  0.000
  0.000
  0.000
  0.000
 95.043
 88.709
  0.000
  0.000
  0.000
  0.000
  0.000
  0.000
  0.000
  0.000
  0.000
  0.000
  0.000
  0.000
  0.000
  0.000
  0.000
  0.000
  0.000
  0.000
  0.000
  0.000
  0.000
  0.000
  0.000
  0.000
  0.000
  0.000
  0.000
  0.000
  0.000
  0.000
  0.000
  0.000
  0.000
  0.000
  0.000
  0.000
  0.000
  0.000
  0.000
  0.000
  0.000
  0.000
  0.000
  0.000
  0.000
  0.000
  0.000
  0.000
  0.000
  0.000
  0.000
  0.000
  0.000
  0.000
  0.000
  0.000
  0.000
  0.000
  0.000
  0.000
  0.000
  0.000
  0.000
  0.000
  0.000
  0.000
  0.000
  0.000
  0.000
  0.000
  0.000
  0.000
  0.000
  0.000
  0.000
  0.000
  0.000
  0.000
  0.000
  0.000
  0.000
  0.000
  0.000
  0.000
  0.000
  0.000
  0.000
  0.000
  0.000
  0.000
  0.000
  0.000
  0.000
  0.000
  0.000
  0.000
  0.000
  0.000
  0.000
  0.000
  1.511
  1.488
  0.000
  0.000
  1.423
  0.000
  1.381
  0.000
  0.000
  0.000
  3.911
  0.000
  0.000
  1.250
  0.000
  2.431
  3.597
  2.366
  2.334
  1.151
  1.136
  0.000
  0.000
  1.092
  0.000
  1.064
  0.000
  3.112
  0.000
  2.023
  2.997
  2.960
  0.975
  0.963
  2.853
  0.000
  2.785
  1.835
  0.906
  0.000
  1.771
  0.000
  1.730
  0.000
  0.845
  2.507
  0.000
  1.634
  0.808
  0.000
  0.790
  0.000
  0.773
  0.000
  1.512
  0.000
  0.000
  0.732
  0.000
  0.717
  0.000
  0.000
  0.000
  0.687
  0.000
  0.000
  0.667
  0.000
  0.000
  1.293
  0.000
  0.634
  0.628
  1.243
  1.231
  1.828
  0.604
  0.598
  1.184
  0.586
  1.742
  1.726
  1.140
  1.129
  1.119
  0.554
  2.196
  2.176
  1.617
  0.000
  2.647
  1.049
  0.520
  2.576
  1.021
  3.037
  0.502
  0.000
  1.479
  0.489
  0.969
  1.441
  0.952
  1.888
  0.468
  2.320
  0.920
  2.281
  0.905
  1.346
  0.445
  1.324
  0.438
  1.302
  0.861
  0.854
  0.847
  0.000
  0.417
  1.654
  0.410
  1.221
  1.615
  0.000
  0.795
  0.000
  0.5940100E+02  0.5940100E+02
  0.000
  0.000
  0.000
  0.000
  0.000
  0.000
  0.000
  0.000
  0.000
  0.000
  0.000
  0.000
  0.000
  0.000
  0.000
  0.000
 94.500
252.033
  0.000
  0.000
  0.000
  0.000
  0.000
  0.000
  0.000
  0.000
  0.000
 68.053
126.723
  0.000
  0.000
  0.000
  0.000
  0.000
  0.000
  0.000
  0.000
  0.000
  0.000
  0.000
  0.000
  0.000
  0.000
  0.000
  0.000
  0.000
  0.000
  0.000
  0.000
  0.000
  0.000
  0.000
  0.000
  0.000
  0.000
  0.000
  0.000
  0.000
  0.000
  0.000
  0.000
  0.000
  0.000
  0.000
  0.000
  0.000
  0.000
  0.000
  0.000
  0.000
  0.000
  0.000
  0.000
  0.000
  0.000
  0.000
  0.000
  0.000
  0.000
  0.000
  0.000
  0.000
  0.000
  0.000
  0.000
  0.000
  0.000
  0.000
  0.000
  0.000
  0.000
  0.000
  0.000
  0.000
  0.000
  0.000
  0.000
  0.000
  0.000
  0.000
  0.000
  0.000
  0.000
  0.000
  0.000
  0.000
  0.000
  0.000
  0.000
  0.000
  0.000
  0.000
  0.000
  0.000
  0.000
  0.000
  0.000
  0.000
  0.000
  0.000
  0.000
  0.000
  0.000
  0.000
  0.000
  0.000
  0.000
  0.000
  0.000
  0.000
  0.000
  1.488
  1.466
  0.000
  0.000
  1.402
  1.381
  0.000
  0.000
  0.000
  2.607
  1.285
  0.000
  1.250
  0.000
  2.431
  2.398
  2.366
  3.501
  1.151
  1.136
  0.000
  0.000
  0.000
  1.078
  1.064
  1.051
  2.075
  0.000
  0.000
  4.995
  2.960
  0.975
  1.925
  1.902
  0.000
  3.713
  1.835
  0.000
  0.896
  0.885
  0.875
  0.865
  0.000
  1.690
  1.671
  0.826
  0.817
  0.808
  0.799
  0.000
  0.000
  0.773
  0.764
  0.756
  0.000
  0.740
  0.000
  0.724
  0.000
  0.000
  0.000
  0.000
  0.000
  0.680
  0.000
  0.000
  0.660
  0.000
  0.647
  0.640
  0.000
  0.628
  1.243
  1.231
  1.219
  1.207
  1.195
  0.000
  1.759
  0.581
  2.301
  1.710
  0.565
  1.119
  0.554
  2.196
  2.720
  1.617
  0.000
  2.647
  1.574
  0.000
  1.546
  2.042
  3.037
  0.502
  0.000
  1.479
  0.489
  0.969
  1.441
  0.952
  2.360
  0.936
  1.392
  1.840
  1.369
  1.810
  0.897
  0.445
  0.883
  0.875
  1.736
  0.000
  0.854
  0.847
  0.840
  0.000
  1.240
  0.820
  0.407
  2.018
  0.400
  0.000
  0.788
