   1   5   1   0  0.2037848E+03  0.5000000E+02
  CAR 
 unknown system                          
   0   0   0
   1   1
 256 256 256
 256
  0.1000000E-09
  0.6250000E-11
  10
  0.2000000E-14  0.1028348E-08  0.9844415E-09  0.1006960E-08
  0.6445896E+02  0.6445896E+02
  0.000
  0.000
  0.000
  0.000
  0.000
  0.000
  0.000
  0.000
  0.000
  0.000
  0.000
  0.000
  0.000
  0.000
  0.000
  0.000
  0.000
260.201
 77.613
  0.000
  0.000
  0.000
  0.000
  0.000
  0.000
  0.000
  0.000
 35.129
 65.415
 91.584
  0.000
  0.000
  0.000
  0.000
  0.000
  0.000
  0.000
  0.000
  0.000
  0.000
  0.000
  0.000
  0.000
  0.000
  0.000
  0.000
  0.000
  0.000
  0.000
  0.000
  0.000
  0.000
  0.000
  0.000
  0.000
  0.000
  0.000
  0.000
  0.000
  0.000
  0.000
  0.000
  0.000
  0.000
  0.000
  0.000
  0.000
  0.000
  0.000
  0.000
  0.000
  0.000
  0.000
  0.000
  0.000
  0.000
  0.000
  0.000
  0.000
  0.000
  0.000
  0.000
  0.000
  0.000
  0.000
  0.000
  0.000
  0.000
  0.000
  0.000
  0.000
  0.000
  0.000
  0.000
  0.000
  0.000
  0.000
  0.000
  0.000
  0.000
  0.000
  0.000
  0.000
  0.000
  0.000
  0.000
  0.000
  0.000
  0.000
  0.000
  0.000
  0.000
  0.000
  0.000
  0.000
  0.000
  0.000
  0.000
  0.000
  0.000
  0.000
  0.000
  0.000
  0.000
  0.000
  0.000
  0.000
  0.000
  0.000
  0.000
  0.000
  0.000
  3.027
  0.000
  0.000
  1.447
  0.000
  0.000
  0.000
  1.365
  0.000
  1.327
  1.308
  1.290
  0.000
  0.000
  3.714
  3.664
  2.410
  1.189
  3.519
  0.000
  0.000
  0.000
  0.000
  0.000
  1.085
  2.142
  0.000
  1.044
  1.031
  2.037
  4.025
  1.988
  0.982
  2.910
  0.000
  0.000
  2.807
  1.850
  0.914
  1.807
  0.893
  1.765
  0.000
  0.863
  2.559
  0.843
  0.834
  0.000
  0.000
  0.807
  0.798
  0.789
  0.000
  0.000
  0.000
  0.756
  0.000
  0.740
  1.464
  0.000
  0.000
  0.000
  0.000
  0.695
  0.000
  0.000
  0.674
  0.000
  0.000
  0.654
  0.000
  0.642
  2.541
  0.000
  0.623
  1.234
  1.222
  0.605
  0.600
  1.188
  1.765
  0.583
  0.577
  1.716
  1.134
  1.685
  2.783
  1.103
  1.639
  1.083
  0.000
  2.659
  3.163
  3.135
  0.000
  1.027
  1.527
  1.513
  0.000
  0.496
  0.492
  0.975
  1.449
  0.479
  2.375
  0.942
  1.401
  1.853
  1.378
  0.456
  1.807
  1.344
  1.333
  0.882
  0.875
  0.434
  0.000
  1.280
  0.847
  0.840
  0.833
  0.413
  0.820
  0.814
  0.8752354E+02  0.8752354E+02
  0.000
  0.000
  0.000
  0.000
  0.000
  0.000
  0.000
  0.000
  0.000
  0.000
  0.000
  0.000
  0.000
  0.000
  0.000
  0.000
  0.000
260.201
 77.613
  0.000
  0.000
  0.000
  0.000
  0.000
  0.000
  0.000
  0.000
  0.000
 65.415
122.111
  0.000
  0.000
  0.000
  0.000
  0.000
  0.000
  0.000
  0.000
  0.000
  0.000
  0.000
  0.000
  0.000
  0.000
  0.000
  0.000
  0.000
  0.000
  0.000
  0.000
  0.000
  0.000
  0.000
  0.000
  0.000
  0.000
  0.000
  0.000
  0.000
  0.000
  0.000
  0.000
  0.000
  0.000
  0.000
  0.000
  0.000
  0.000
  0.000
  0.000
  0.000
  0.000
  0.000
  0.000
  0.000
  0.000
  0.000
  0.000
  0.000
  0.000
  0.000
  0.000
  0.000
  0.000
  0.000
  0.000
  0.000
  0.000
  0.000
  0.000
  0.000
  0.000
  0.000
  0.000
  0.000
  0.000
  0.000
  0.000
  0.000
  0.000
  0.000
  0.000
  0.000
  0.000
  0.000
  0.000
  0.000
  0.000
  0.000
  0.000
  0.000
  0.000
  0.000
  0.000
  0.000
  0.000
  0.000
  0.000
  0.000
  0.000
  0.000
  0.000
  0.000
  0.000
  0.000
  0.000
  0.000
  0.000
  0.000
  0.000
  0.000
  0.000
  3.027
  0.000
  1.469
  0.000
  0.000
  0.000
  0.000
  1.365
  0.000
  1.327
  1.308
  0.000
  1.272
  0.000
  3.714
  3.664
  2.410
  1.189
  3.519
  0.000
  0.000
  0.000
  0.000
  0.000
  2.170
  1.071
  0.000
  1.044
  1.031
  2.037
  5.031
  0.994
  1.964
  1.940
  0.000
  0.947
  0.936
  2.774
  0.000
  2.710
  0.000
  2.648
  0.000
  1.725
  1.706
  0.843
  0.834
  0.000
  0.000
  0.807
  0.798
  0.789
  0.000
  0.000
  0.000
  0.756
  0.748
  0.000
  0.732
  0.725
  0.000
  0.000
  0.702
  0.000
  0.000
  0.681
  0.000
  0.000
  0.661
  0.000
  0.000
  1.283
  1.271
  1.258
  0.000
  2.468
  0.611
  0.605
  0.000
  1.188
  1.765
  0.583
  0.577
  2.288
  1.134
  1.685
  1.670
  2.206
  1.093
  1.083
  0.000
  1.596
  5.272
  2.090
  0.000
  1.027
  1.527
  1.009
  0.500
  0.000
  0.983
  0.975
  1.449
  0.479
  1.900
  1.884
  0.934
  1.390
  1.837
  0.456
  0.904
  2.241
  0.889
  0.882
  0.875
  0.867
  0.000
  1.280
  1.270
  0.420
  0.833
  0.413
  0.410
  0.814
  0.7807140E+02  0.7807140E+02
  0.000
  0.000
  0.000
  0.000
  0.000
  0.000
  0.000
  0.000
  0.000
  0.000
  0.000
  0.000
  0.000
  0.000
  0.000
  0.000
  0.000
260.201
 77.613
  0.000
  0.000
  0.000
  0.000
  0.000
  0.000
  0.000
  0.000
  0.000
130.830
 61.056
  0.000
  0.000
  0.000
  0.000
  0.000
  0.000
  0.000
  0.000
  0.000
  0.000
  0.000
  0.000
  0.000
  0.000
  0.000
  0.000
  0.000
  0.000
  0.000
  0.000
  0.000
  0.000
  0.000
  0.000
  0.000
  0.000
  0.000
  0.000
  0.000
  0.000
  0.000
  0.000
  0.000
  0.000
  0.000
  0.000
  0.000
  0.000
  0.000
  0.000
  0.000
  0.000
  0.000
  0.000
  0.000
  0.000
  0.000
  0.000
  0.000
  0.000
  0.000
  0.000
  0.000
  0.000
  0.000
  0.000
  0.000
  0.000
  0.000
  0.000
  0.000
  0.000
  0.000
  0.000
  0.000
  0.000
  0.000
  0.000
  0.000
  0.000
  0.000
  0.000
  0.000
  0.000
  0.000
  0.000
  0.000
  0.000
  0.000
  0.000
  0.000
  0.000
  0.000
  0.000
  0.000
  0.000
  0.000
  0.000
  0.000
  0.000
  0.000
  0.000
  0.000
  0.000
  0.000
  0.000
  0.000
  0.000
  0.000
  0.000
  0.000
  0.000
  3.027
  0.000
  1.469
  0.000
  0.000
  0.000
  0.000
  1.365
  0.000
  1.327
  1.308
  0.000
  0.000
  2.510
  2.476
  2.442
  3.615
  2.378
  2.346
  0.000
  0.000
  0.000
  0.000
  0.000
  2.170
  0.000
  1.058
  1.044
  1.031
  4.075
  4.025
  0.000
  1.964
  0.970
  0.958
  0.947
  0.936
  1.850
  0.914
  2.710
  0.000
  0.883
  1.745
  1.725
  1.706
  0.843
  0.834
  0.000
  0.000
  0.807
  0.798
  0.789
  0.000
  0.000
  0.764
  0.756
  0.000
  0.740
  0.732
  0.000
  0.000
  0.000
  0.702
  0.000
  0.000
  0.000
  0.674
  0.000
  0.000
  0.654
  0.000
  0.642
  1.271
  1.887
  0.000
  1.851
  1.222
  0.605
  0.000
  0.594
  2.354
  0.000
  1.155
  1.716
  1.134
  2.808
  0.000
  3.860
  0.546
  0.542
  1.073
  1.064
  5.272
  2.090
  0.000
  0.000
  2.544
  1.513
  0.000
  0.000
  0.983
  0.487
  1.933
  0.479
  1.900
  1.884
  0.934
  1.853
  1.378
  0.456
  0.904
  1.792
  1.778
  0.882
  0.437
  0.867
  0.430
  0.000
  2.540
  0.420
  0.417
  0.827
  0.410
  0.814
  0.1325717E+03  0.1325717E+03
  0.000
  0.000
  0.000
  0.000
  0.000
  0.000
  0.000
  0.000
  0.000
  0.000
  0.000
  0.000
  0.000
  0.000
  0.000
  0.000
 97.562
260.201
  0.000
  0.000
  0.000
  0.000
  0.000
  0.000
  0.000
  0.000
  0.000
 70.258
 98.123
 30.528
  0.000
  0.000
  0.000
  0.000
  0.000
  0.000
  0.000
  0.000
  0.000
  0.000
  0.000
  0.000
  0.000
  0.000
  0.000
  0.000
  0.000
  0.000
  0.000
  0.000
  0.000
  0.000
  0.000
  0.000
  0.000
  0.000
  0.000
  0.000
  0.000
  0.000
  0.000
  0.000
  0.000
  0.000
  0.000
  0.000
  0.000
  0.000
  0.000
  0.000
  0.000
  0.000
  0.000
  0.000
  0.000
  0.000
  0.000
  0.000
  0.000
  0.000
  0.000
  0.000
  0.000
  0.000
  0.000
  0.000
  0.000
  0.000
  0.000
  0.000
  0.000
  0.000
  0.000
  0.000
  0.000
  0.000
  0.000
  0.000
  0.000
  0.000
  0.000
  0.000
  0.000
  0.000
  0.000
  0.000
  0.000
  0.000
  0.000
  0.000
  0.000
  0.000
  0.000
  0.000
  0.000
  0.000
  0.000
  0.000
  0.000
  0.000
  0.000
  0.000
  0.000
  0.000
  0.000
  0.000
  0.000
  0.000
  0.000
  0.000
  0.000
  1.536
  0.000
  1.491
  1.469
  0.000
  0.000
  0.000
  0.000
  0.000
  1.346
  0.000
  1.308
  1.290
  0.000
  1.255
  3.714
  1.221
  4.819
  2.378
  2.346
  0.000
  0.000
  0.000
  0.000
  0.000
  1.085
  1.071
  0.000
  2.089
  2.063
  3.056
  4.025
  0.000
  1.964
  0.970
  0.958
  0.947
  0.000
  3.699
  1.828
  0.903
  0.893
  1.765
  0.000
  1.725
  1.706
  0.843
  0.834
  0.000
  0.000
  0.807
  1.595
  0.000
  0.000
  0.772
  0.000
  0.756
  0.000
  0.740
  0.732
  0.000
  0.000
  0.000
  0.702
  0.000
  0.000
  0.000
  0.000
  0.668
  0.000
  0.654
  0.648
  0.000
  1.271
  1.258
  0.623
  0.617
  1.834
  1.211
  0.000
  0.594
  1.765
  0.583
  1.155
  0.572
  2.267
  1.123
  1.670
  2.757
  1.639
  0.542
  1.610
  1.064
  3.690
  2.613
  0.518
  0.513
  1.018
  2.018
  0.500
  0.496
  0.492
  0.975
  1.933
  0.958
  1.900
  0.471
  1.868
  2.779
  0.000
  0.456
  1.355
  2.241
  0.889
  0.882
  0.875
  0.434
  0.430
  0.427
  2.117
  0.420
  0.417
  0.827
  0.410
  0.814
  0.1642267E+03  0.1642267E+03
  0.000
  0.000
  0.000
  0.000
  0.000
  0.000
  0.000
  0.000
  0.000
  0.000
  0.000
  0.000
  0.000
  0.000
  0.000
  0.000
  0.000
346.935
  0.000
  0.000
  0.000
  0.000
  0.000
  0.000
  0.000
  0.000
  0.000
 35.129
130.830
 30.528
  0.000
  0.000
  0.000
  0.000
  0.000
  0.000
  0.000
  0.000
  0.000
  0.000
  0.000
  0.000
  0.000
  0.000
  0.000
  0.000
  0.000
  0.000
  0.000
  0.000
  0.000
  0.000
  0.000
  0.000
  0.000
  0.000
  0.000
  0.000
  0.000
  0.000
  0.000
  0.000
  0.000
  0.000
  0.000
  0.000
  0.000
  0.000
  0.000
  0.000
  0.000
  0.000
  0.000
  0.000
  0.000
  0.000
  0.000
  0.000
  0.000
  0.000
  0.000
  0.000
  0.000
  0.000
  0.000
  0.000
  0.000
  0.000
  0.000
  0.000
  0.000
  0.000
  0.000
  0.000
  0.000
  0.000
  0.000
  0.000
  0.000
  0.000
  0.000
  0.000
  0.000
  0.000
  0.000
  0.000
  0.000
  0.000
  0.000
  0.000
  0.000
  0.000
  0.000
  0.000
  0.000
  0.000
  0.000
  0.000
  0.000
  0.000
  0.000
  0.000
  0.000
  0.000
  0.000
  0.000
  0.000
  0.000
  0.000
  0.000
  0.000
  1.536
  0.000
  0.000
  2.937
  0.000
  0.000
  0.000
  0.000
  1.365
  0.000
  0.000
  2.617
  0.000
  1.272
  0.000
  6.190
  0.000
  2.410
  5.944
  0.000
  0.000
  0.000
  0.000
  0.000
  0.000
  1.085
  1.071
  0.000
  1.044
  3.094
  2.037
  4.025
  0.994
  1.964
  0.970
  0.958
  0.947
  1.872
  1.850
  2.742
  0.000
  1.786
  0.883
  0.000
  0.863
  1.706
  1.687
  0.834
  0.000
  0.000
  0.807
  1.595
  0.000
  0.000
  0.000
  0.764
  0.000
  0.748
  0.000
  1.464
  0.000
  0.000
  0.000
  0.702
  0.000
  0.000
  0.000
  0.674
  0.000
  0.000
  0.654
  0.648
  0.000
  1.906
  1.258
  0.000
  0.617
  1.222
  1.211
  0.600
  0.594
  2.354
  0.000
  1.732
  1.144
  0.567
  2.247
  2.783
  1.103
  1.639
  1.083
  1.073
  1.064
  4.217
  1.568
  1.036
  0.513
  1.018
  2.018
  1.000
  0.000
  0.983
  0.975
  0.966
  0.958
  1.425
  1.413
  1.401
  2.316
  0.919
  0.456
  0.904
  2.241
  0.889
  1.763
  0.875
  0.000
  0.430
  0.854
  1.694
  0.420
  0.000
  1.240
  0.410
  0.814
  0.9727436E+02  0.9727436E+02
  0.000
  0.000
  0.000
  0.000
  0.000
  0.000
  0.000
  0.000
  0.000
  0.000
  0.000
  0.000
  0.000
  0.000
  0.000
  0.000
  0.000
260.201
 77.613
  0.000
  0.000
  0.000
  0.000
  0.000
  0.000
  0.000
  0.000
  0.000
 65.415
122.111
  0.000
  0.000
  0.000
  0.000
  0.000
  0.000
  0.000
  0.000
  0.000
  0.000
  0.000
  0.000
  0.000
  0.000
  0.000
  0.000
  0.000
  0.000
  0.000
  0.000
  0.000
  0.000
  0.000
  0.000
  0.000
  0.000
  0.000
  0.000
  0.000
  0.000
  0.000
  0.000
  0.000
  0.000
  0.000
  0.000
  0.000
  0.000
  0.000
  0.000
  0.000
  0.000
  0.000
  0.000
  0.000
  0.000
  0.000
  0.000
  0.000
  0.000
  0.000
  0.000
  0.000
  0.000
  0.000
  0.000
  0.000
  0.000
  0.000
  0.000
  0.000
  0.000
  0.000
  0.000
  0.000
  0.000
  0.000
  0.000
  0.000
  0.000
  0.000
  0.000
  0.000
  0.000
  0.000
  0.000
  0.000
  0.000
  0.000
  0.000
  0.000
  0.000
  0.000
  0.000
  0.000
  0.000
  0.000
  0.000
  0.000
  0.000
  0.000
  0.000
  0.000
  0.000
  0.000
  0.000
  0.000
  0.000
  0.000
  0.000
  0.000
  1.536
  0.000
  1.491
  1.469
  0.000
  0.000
  0.000
  0.000
  1.365
  0.000
  2.654
  0.000
  1.290
  0.000
  2.510
  2.476
  1.221
  2.410
  4.755
  1.173
  0.000
  0.000
  0.000
  0.000
  0.000
  0.000
  1.071
  1.058
  2.089
  2.063
  2.037
  2.012
  2.982
  0.982
  1.940
  1.917
  0.000
  2.807
  1.850
  1.828
  0.000
  0.893
  0.883
  0.873
  0.863
  1.706
  1.687
  0.834
  0.000
  0.000
  0.000
  1.595
  0.789
  0.000
  0.000
  0.000
  0.756
  0.000
  0.740
  0.732
  0.725
  0.000
  0.000
  0.702
  0.000
  0.000
  0.681
  0.000
  0.000
  0.000
  0.654
  0.648
  1.283
  0.000
  1.887
  0.000
  1.234
  1.222
  0.605
  0.600
  0.594
  1.765
  1.166
  1.732
  0.572
  2.267
  2.247
  1.670
  1.103
  0.546
  1.625
  0.537
  2.128
  3.690
  1.045
  1.036
  1.540
  0.509
  2.018
  1.000
  0.000
  0.492
  1.462
  0.483
  0.958
  0.950
  1.884
  1.401
  2.779
  0.919
  0.456
  0.452
  2.241
  2.222
  0.882
  0.875
  0.000
  0.000
  0.854
  1.694
  0.420
  1.250
  0.413
  0.000
  1.221
  0.1001403E+03  0.1001403E+03
  0.000
  0.000
  0.000
  0.000
  0.000
  0.000
  0.000
  0.000
  0.000
  0.000
  0.000
  0.000
  0.000
  0.000
  0.000
  0.000
  0.000
173.467
155.225
  0.000
  0.000
  0.000
  0.000
  0.000
  0.000
  0.000
  0.000
  0.000
130.830
 61.056
  0.000
  0.000
  0.000
  0.000
  0.000
  0.000
  0.000
  0.000
  0.000
  0.000
  0.000
  0.000
  0.000
  0.000
  0.000
  0.000
  0.000
  0.000
  0.000
  0.000
  0.000
  0.000
  0.000
  0.000
  0.000
  0.000
  0.000
  0.000
  0.000
  0.000
  0.000
  0.000
  0.000
  0.000
  0.000
  0.000
  0.000
  0.000
  0.000
  0.000
  0.000
  0.000
  0.000
  0.000
  0.000
  0.000
  0.000
  0.000
  0.000
  0.000
  0.000
  0.000
  0.000
  0.000
  0.000
  0.000
  0.000
  0.000
  0.000
  0.000
  0.000
  0.000
  0.000
  0.000
  0.000
  0.000
  0.000
  0.000
  0.000
  0.000
  0.000
  0.000
  0.000
  0.000
  0.000
  0.000
  0.000
  0.000
  0.000
  0.000
  0.000
  0.000
  0.000
  0.000
  0.000
  0.000
  0.000
  0.000
  0.000
  0.000
  0.000
  0.000
  0.000
  0.000
  0.000
  0.000
  0.000
  0.000
  0.000
  0.000
  0.000
  0.000
  3.027
  1.491
  0.000
  0.000
  0.000
  0.000
  0.000
  1.365
  1.346
  1.327
  0.000
  1.290
  1.272
  0.000
  2.476
  1.221
  1.205
  5.944
  2.346
  0.000
  0.000
  0.000
  0.000
  0.000
  0.000
  1.071
  1.058
  3.133
  1.031
  2.037
  3.019
  1.988
  0.982
  1.940
  1.917
  0.000
  1.872
  2.774
  1.828
  0.000
  0.893
  0.000
  1.745
  1.725
  0.853
  2.530
  0.000
  0.000
  0.000
  0.000
  0.798
  1.578
  0.000
  0.000
  0.000
  0.756
  0.000
  1.480
  0.732
  0.000
  0.000
  0.000
  0.702
  0.000
  0.000
  0.681
  0.000
  0.000
  0.000
  0.654
  0.648
  0.000
  1.271
  1.887
  0.000
  1.234
  0.611
  1.211
  1.199
  0.000
  1.765
  1.749
  1.155
  1.144
  1.134
  2.247
  1.670
  1.654
  0.546
  1.625
  0.000
  3.191
  2.636
  1.568
  2.072
  0.513
  1.018
  1.513
  0.500
  0.496
  0.492
  0.975
  0.966
  0.000
  1.900
  1.413
  2.335
  1.853
  1.378
  0.456
  0.452
  2.689
  1.333
  0.882
  0.875
  0.434
  0.000
  1.707
  0.847
  0.420
  1.250
  0.413
  0.000
  1.221
  0.1792935E+03  0.1792935E+03
  0.000
  0.000
  0.000
  0.000
  0.000
  0.000
  0.000
  0.000
  0.000
  0.000
  0.000
  0.000
  0.000
  0.000
  0.000
  0.000
  0.000
346.935
  0.000
  0.000
  0.000
  0.000
  0.000
  0.000
  0.000
  0.000
  0.000
  0.000
163.538
 30.528
  0.000
  0.000
  0.000
  0.000
  0.000
  0.000
  0.000
  0.000
  0.000
  0.000
  0.000
  0.000
  0.000
  0.000
  0.000
  0.000
  0.000
  0.000
  0.000
  0.000
  0.000
  0.000
  0.000
  0.000
  0.000
  0.000
  0.000
  0.000
  0.000
  0.000
  0.000
  0.000
  0.000
  0.000
  0.000
  0.000
  0.000
  0.000
  0.000
  0.000
  0.000
  0.000
  0.000
  0.000
  0.000
  0.000
  0.000
  0.000
  0.000
  0.000
  0.000
  0.000
  0.000
  0.000
  0.000
  0.000
  0.000
  0.000
  0.000
  0.000
  0.000
  0.000
  0.000
  0.000
  0.000
  0.000
  0.000
  0.000
  0.000
  0.000
  0.000
  0.000
  0.000
  0.000
  0.000
  0.000
  0.000
  0.000
  0.000
  0.000
  0.000
  0.000
  0.000
  0.000
  0.000
  0.000
  0.000
  0.000
  0.000
  0.000
  0.000
  0.000
  0.000
  0.000
  0.000
  0.000
  0.000
  0.000
  0.000
  0.000
  0.000
  0.000
  3.027
  1.491
  0.000
  0.000
  0.000
  0.000
  0.000
  0.000
  1.346
  1.327
  1.308
  1.290
  1.272
  0.000
  1.238
  2.442
  1.205
  8.321
  0.000
  0.000
  0.000
  0.000
  0.000
  0.000
  0.000
  1.071
  1.058
  3.133
  2.063
  2.037
  2.012
  0.994
  1.964
  1.940
  1.917
  0.000
  1.872
  3.699
  0.000
  0.903
  0.893
  0.000
  1.745
  1.725
  1.706
  1.687
  0.000
  0.000
  0.000
  0.807
  0.000
  1.578
  0.000
  0.000
  0.000
  0.756
  0.748
  1.480
  0.000
  0.000
  0.000
  0.000
  0.702
  0.000
  0.000
  0.000
  0.674
  0.000
  0.000
  0.654
  0.648
  0.000
  1.271
  1.258
  0.623
  0.617
  0.611
  1.816
  0.600
  0.594
  1.177
  2.332
  0.577
  1.716
  1.134
  1.123
  1.670
  2.206
  1.093
  1.625
  0.000
  3.191
  2.109
  1.568
  2.589
  0.513
  1.527
  1.513
  0.000
  0.496
  0.492
  1.462
  0.483
  0.958
  1.425
  1.884
  2.335
  0.926
  1.837
  0.000
  1.355
  2.241
  0.889
  0.882
  1.312
  0.000
  0.430
  1.280
  0.847
  0.840
  0.417
  0.827
  0.410
  0.814
  0.6966550E+02  0.6966550E+02
  0.000
  0.000
  0.000
  0.000
  0.000
  0.000
  0.000
  0.000
  0.000
  0.000
  0.000
  0.000
  0.000
  0.000
  0.000
  0.000
 97.562
260.201
  0.000
  0.000
  0.000
  0.000
  0.000
  0.000
  0.000
  0.000
  0.000
 35.129
163.538
  0.000
  0.000
  0.000
  0.000
  0.000
  0.000
  0.000
  0.000
  0.000
  0.000
  0.000
  0.000
  0.000
  0.000
  0.000
  0.000
  0.000
  0.000
  0.000
  0.000
  0.000
  0.000
  0.000
  0.000
  0.000
  0.000
  0.000
  0.000
  0.000
  0.000
  0.000
  0.000
  0.000
  0.000
  0.000
  0.000
  0.000
  0.000
  0.000
  0.000
  0.000
  0.000
  0.000
  0.000
  0.000
  0.000
  0.000
  0.000
  0.000
  0.000
  0.000
  0.000
  0.000
  0.000
  0.000
  0.000
  0.000
  0.000
  0.000
  0.000
  0.000
  0.000
  0.000
  0.000
  0.000
  0.000
  0.000
  0.000
  0.000
  0.000
  0.000
  0.000
  0.000
  0.000
  0.000
  0.000
  0.000
  0.000
  0.000
  0.000
  0.000
  0.000
  0.000
  0.000
  0.000
  0.000
  0.000
  0.000
  0.000
  0.000
  0.000
  0.000
  0.000
  0.000
  0.000
  0.000
  0.000
  0.000
  0.000
  0.000
  0.000
  0.000
  0.000
  1.513
  1.491
  1.469
  0.000
  0.000
  0.000
  0.000
  0.000
  0.000
  1.327
  2.617
  0.000
  1.272
  1.255
  1.238
  1.221
  6.024
  4.755
  0.000
  0.000
  0.000
  0.000
  0.000
  0.000
  1.085
  0.000
  1.058
  2.089
  3.094
  3.056
  1.006
  1.988
  0.000
  1.940
  1.917
  1.894
  1.872
  0.925
  1.828
  0.903
  1.786
  0.883
  0.000
  1.725
  1.706
  1.687
  0.000
  0.000
  0.000
  0.807
  0.798
  0.789
  0.000
  0.000
  0.764
  0.000
  1.496
  0.740
  0.000
  0.000
  0.000
  0.000
  0.702
  0.000
  0.000
  0.000
  0.000
  0.668
  0.000
  0.654
  0.000
  0.642
  1.271
  1.887
  0.000
  0.617
  0.611
  1.211
  1.199
  0.594
  1.765
  0.583
  1.732
  1.144
  2.267
  0.562
  1.670
  1.654
  1.639
  1.625
  0.537
  2.659
  1.582
  2.090
  2.072
  1.027
  1.018
  1.513
  0.500
  0.496
  0.492
  1.949
  0.000
  1.437
  1.900
  1.884
  0.934
  1.390
  1.378
  0.911
  2.711
  0.000
  1.333
  1.323
  0.437
  1.301
  0.000
  0.854
  0.847
  0.420
  0.833
  0.827
  0.410
  0.814
  0.9718812E+02  0.9718812E+02
  0.000
  0.000
  0.000
  0.000
  0.000
  0.000
  0.000
  0.000
  0.000
  0.000
  0.000
  0.000
  0.000
  0.000
  0.000
  0.000
  0.000
260.201
 77.613
  0.000
  0.000
  0.000
  0.000
  0.000
  0.000
  0.000
  0.000
 35.129
 65.415
 91.584
  0.000
  0.000
  0.000
  0.000
  0.000
  0.000
  0.000
  0.000
  0.000
  0.000
  0.000
  0.000
  0.000
  0.000
  0.000
  0.000
  0.000
  0.000
  0.000
  0.000
  0.000
  0.000
  0.000
  0.000
  0.000
  0.000
  0.000
  0.000
  0.000
  0.000
  0.000
  0.000
  0.000
  0.000
  0.000
  0.000
  0.000
  0.000
  0.000
  0.000
  0.000
  0.000
  0.000
  0.000
  0.000
  0.000
  0.000
  0.000
  0.000
  0.000
  0.000
  0.000
  0.000
  0.000
  0.000
  0.000
  0.000
  0.000
  0.000
  0.000
  0.000
  0.000
  0.000
  0.000
  0.000
  0.000
  0.000
  0.000
  0.000
  0.000
  0.000
  0.000
  0.000
  0.000
  0.000
  0.000
  0.000
  0.000
  0.000
  0.000
  0.000
  0.000
  0.000
  0.000
  0.000
  0.000
  0.000
  0.000
  0.000
  0.000
  0.000
  0.000
  0.000
  0.000
  0.000
  0.000
  0.000
  0.000
  0.000
  0.000
  0.000
  0.000
  1.513
  1.491
  1.469
  0.000
  0.000
  0.000
  0.000
  0.000
  0.000
  2.654
  1.308
  1.290
  0.000
  1.255
  1.238
  2.442
  6.024
  3.566
  0.000
  0.000
  0.000
  0.000
  0.000
  0.000
  1.085
  0.000
  1.058
  2.089
  2.063
  2.037
  3.019
  1.988
  0.000
  0.970
  2.875
  2.841
  0.936
  0.000
  1.828
  2.710
  0.893
  0.883
  0.000
  0.863
  0.853
  3.373
  0.000
  0.000
  0.000
  0.807
  0.798
  0.789
  0.000
  0.000
  0.000
  0.000
  2.243
  0.000
  0.732
  0.000
  0.000
  0.000
  0.702
  0.000
  0.000
  0.000
  0.000
  0.668
  0.000
  0.654
  0.648
  0.642
  0.635
  1.887
  0.623
  0.000
  0.611
  1.211
  1.199
  1.782
  0.588
  0.583
  2.310
  1.144
  1.701
  0.562
  1.670
  2.206
  1.093
  1.625
  1.073
  1.596
  1.582
  2.613
  2.072
  1.027
  1.018
  1.513
  0.500
  0.496
  0.492
  1.949
  0.000
  1.437
  0.950
  2.355
  0.934
  1.853
  0.459
  1.367
  2.259
  0.896
  0.889
  1.323
  0.437
  0.867
  0.861
  0.427
  1.270
  0.000
  0.833
  0.827
  1.231
  0.000
