   1   5   1   0  0.2066981E+03  0.5000000E+02
  CAR 
 unknown system                          
   0   0   0
   1   1
 256 256 256
 256
  0.1000000E-09
  0.6250000E-11
  10
  0.2000000E-14  0.1008471E-08  0.1025220E-08  0.1000157E-08
  0.9164822E+02  0.9164822E+02
  0.000
  0.000
  0.000
  0.000
  0.000
  0.000
  0.000
  0.000
  0.000
  0.000
  0.000
  0.000
  0.000
  0.000
  0.000
  0.000
  0.000
351.894
  0.000
  0.000
  0.000
  0.000
  0.000
  0.000
  0.000
  0.000
  0.000
  0.000
132.700
 61.929
  0.000
  0.000
  0.000
  0.000
  0.000
  0.000
  0.000
  0.000
  0.000
  0.000
  0.000
  0.000
  0.000
  0.000
  0.000
  0.000
  0.000
  0.000
  0.000
  0.000
  0.000
  0.000
  0.000
  0.000
  0.000
  0.000
  0.000
  0.000
  0.000
  0.000
  0.000
  0.000
  0.000
  0.000
  0.000
  0.000
  0.000
  0.000
  0.000
  0.000
  0.000
  0.000
  0.000
  0.000
  0.000
  0.000
  0.000
  0.000
  0.000
  0.000
  0.000
  0.000
  0.000
  0.000
  0.000
  0.000
  0.000
  0.000
  0.000
  0.000
  0.000
  0.000
  0.000
  0.000
  0.000
  0.000
  0.000
  0.000
  0.000
  0.000
  0.000
  0.000
  0.000
  0.000
  0.000
  0.000
  0.000
  0.000
  0.000
  0.000
  0.000
  0.000
  0.000
  0.000
  0.000
  0.000
  0.000
  0.000
  0.000
  0.000
  0.000
  0.000
  0.000
  0.000
  0.000
  0.000
  0.000
  0.000
  0.000
  0.000
  0.000
  1.558
  0.000
  0.000
  0.000
  0.000
  1.446
  0.000
  0.000
  2.770
  2.730
  0.000
  0.000
  1.309
  1.291
  1.273
  1.256
  1.239
  1.222
  1.206
  1.190
  0.000
  1.159
  0.000
  3.387
  2.229
  1.100
  0.000
  1.073
  1.059
  2.092
  1.033
  5.103
  1.008
  0.000
  2.952
  0.972
  3.842
  0.000
  0.938
  0.000
  0.000
  0.000
  1.791
  2.655
  0.875
  0.000
  1.711
  1.692
  1.673
  0.827
  0.000
  0.000
  0.000
  0.792
  0.783
  0.000
  0.767
  0.758
  0.750
  0.743
  0.000
  0.000
  0.000
  0.000
  0.000
  0.000
  0.000
  0.684
  0.000
  0.670
  1.327
  0.000
  0.651
  0.000
  0.000
  1.264
  0.626
  0.620
  2.456
  1.216
  1.205
  0.000
  0.591
  2.929
  1.741
  0.575
  1.139
  1.129
  1.119
  1.109
  2.746
  1.633
  1.618
  2.139
  2.120
  0.525
  0.521
  0.000
  0.512
  2.029
  1.006
  1.994
  1.483
  1.470
  1.944
  0.000
  2.389
  1.421
  0.940
  0.466
  1.848
  0.917
  1.364
  1.352
  0.447
  0.444
  1.320
  1.309
  0.866
  0.429
  0.426
  1.268
  0.839
  0.416
  1.651
  0.9261548E+02  0.9261548E+02
  0.000
  0.000
  0.000
  0.000
  0.000
  0.000
  0.000
  0.000
  0.000
  0.000
  0.000
  0.000
  0.000
  0.000
  0.000
  0.000
  0.000
263.921
 78.722
  0.000
  0.000
  0.000
  0.000
  0.000
  0.000
  0.000
  0.000
 35.631
 99.525
 61.929
  0.000
  0.000
  0.000
  0.000
  0.000
  0.000
  0.000
  0.000
  0.000
  0.000
  0.000
  0.000
  0.000
  0.000
  0.000
  0.000
  0.000
  0.000
  0.000
  0.000
  0.000
  0.000
  0.000
  0.000
  0.000
  0.000
  0.000
  0.000
  0.000
  0.000
  0.000
  0.000
  0.000
  0.000
  0.000
  0.000
  0.000
  0.000
  0.000
  0.000
  0.000
  0.000
  0.000
  0.000
  0.000
  0.000
  0.000
  0.000
  0.000
  0.000
  0.000
  0.000
  0.000
  0.000
  0.000
  0.000
  0.000
  0.000
  0.000
  0.000
  0.000
  0.000
  0.000
  0.000
  0.000
  0.000
  0.000
  0.000
  0.000
  0.000
  0.000
  0.000
  0.000
  0.000
  0.000
  0.000
  0.000
  0.000
  0.000
  0.000
  0.000
  0.000
  0.000
  0.000
  0.000
  0.000
  0.000
  0.000
  0.000
  0.000
  0.000
  0.000
  0.000
  0.000
  0.000
  0.000
  0.000
  0.000
  0.000
  0.000
  0.000
  1.558
  0.000
  0.000
  0.000
  0.000
  0.000
  1.425
  1.405
  1.385
  1.365
  1.346
  0.000
  0.000
  1.291
  1.273
  3.767
  0.000
  1.222
  2.412
  0.000
  0.000
  0.000
  2.287
  3.387
  0.000
  2.201
  0.000
  1.073
  0.000
  3.138
  3.100
  4.082
  0.000
  0.996
  1.968
  0.972
  1.921
  1.898
  0.938
  0.000
  0.000
  0.000
  1.791
  0.885
  2.625
  0.000
  2.566
  1.692
  1.673
  0.000
  0.000
  0.000
  0.800
  0.000
  0.783
  0.775
  0.000
  1.517
  0.000
  0.743
  0.000
  0.000
  0.000
  0.000
  0.000
  0.000
  0.000
  0.684
  0.000
  0.000
  1.327
  0.657
  0.000
  0.644
  1.276
  0.000
  0.626
  0.620
  1.842
  1.825
  1.205
  0.000
  0.591
  2.343
  2.321
  0.575
  0.000
  2.258
  1.119
  0.554
  2.746
  1.089
  2.697
  2.674
  1.590
  0.525
  0.000
  0.516
  0.512
  2.029
  2.011
  0.997
  1.483
  0.980
  1.458
  2.891
  0.956
  1.421
  0.470
  0.932
  1.848
  0.458
  1.818
  0.902
  0.447
  0.887
  0.880
  1.309
  0.866
  0.859
  0.426
  0.845
  0.419
  1.248
  1.238
  0.4763603E+02  0.4763603E+02
  0.000
  0.000
  0.000
  0.000
  0.000
  0.000
  0.000
  0.000
  0.000
  0.000
  0.000
  0.000
  0.000
  0.000
  0.000
  0.000
 98.957
175.947
 78.722
  0.000
  0.000
  0.000
  0.000
  0.000
  0.000
  0.000
  0.000
 71.263
 66.350
 61.929
  0.000
  0.000
  0.000
  0.000
  0.000
  0.000
  0.000
  0.000
  0.000
  0.000
  0.000
  0.000
  0.000
  0.000
  0.000
  0.000
  0.000
  0.000
  0.000
  0.000
  0.000
  0.000
  0.000
  0.000
  0.000
  0.000
  0.000
  0.000
  0.000
  0.000
  0.000
  0.000
  0.000
  0.000
  0.000
  0.000
  0.000
  0.000
  0.000
  0.000
  0.000
  0.000
  0.000
  0.000
  0.000
  0.000
  0.000
  0.000
  0.000
  0.000
  0.000
  0.000
  0.000
  0.000
  0.000
  0.000
  0.000
  0.000
  0.000
  0.000
  0.000
  0.000
  0.000
  0.000
  0.000
  0.000
  0.000
  0.000
  0.000
  0.000
  0.000
  0.000
  0.000
  0.000
  0.000
  0.000
  0.000
  0.000
  0.000
  0.000
  0.000
  0.000
  0.000
  0.000
  0.000
  0.000
  0.000
  0.000
  0.000
  0.000
  0.000
  0.000
  0.000
  0.000
  0.000
  0.000
  0.000
  0.000
  0.000
  0.000
  0.000
  1.558
  0.000
  0.000
  0.000
  0.000
  0.000
  1.425
  1.405
  0.000
  2.730
  0.000
  1.327
  0.000
  1.291
  1.273
  2.511
  1.239
  2.444
  1.206
  0.000
  0.000
  1.159
  1.144
  3.387
  0.000
  2.201
  0.000
  1.073
  1.059
  3.138
  2.066
  4.082
  0.000
  0.996
  1.968
  0.972
  1.921
  1.898
  0.938
  0.000
  0.000
  0.000
  1.791
  0.885
  2.625
  1.730
  0.855
  2.537
  0.836
  0.000
  0.000
  0.809
  0.000
  0.792
  0.000
  0.775
  0.000
  1.517
  0.000
  0.743
  0.000
  0.000
  0.000
  0.000
  0.000
  0.000
  0.691
  0.000
  0.000
  0.000
  1.327
  0.000
  0.651
  0.644
  1.276
  0.000
  0.626
  1.240
  1.228
  1.825
  0.602
  0.597
  0.591
  1.757
  2.321
  1.150
  0.000
  2.258
  1.119
  0.554
  3.296
  0.000
  2.697
  3.208
  1.060
  1.051
  0.000
  0.516
  0.512
  1.014
  2.514
  1.496
  1.483
  1.960
  0.972
  2.409
  0.956
  1.421
  0.000
  1.398
  1.848
  0.000
  2.273
  0.451
  1.789
  0.000
  0.880
  1.309
  0.866
  0.859
  0.852
  0.423
  0.839
  1.248
  0.826
  0.9607217E+02  0.9607217E+02
  0.000
  0.000
  0.000
  0.000
  0.000
  0.000
  0.000
  0.000
  0.000
  0.000
  0.000
  0.000
  0.000
  0.000
  0.000
  0.000
 98.957
263.921
  0.000
  0.000
  0.000
  0.000
  0.000
  0.000
  0.000
  0.000
  0.000
 35.631
132.700
 30.964
  0.000
  0.000
  0.000
  0.000
  0.000
  0.000
  0.000
  0.000
  0.000
  0.000
  0.000
  0.000
  0.000
  0.000
  0.000
  0.000
  0.000
  0.000
  0.000
  0.000
  0.000
  0.000
  0.000
  0.000
  0.000
  0.000
  0.000
  0.000
  0.000
  0.000
  0.000
  0.000
  0.000
  0.000
  0.000
  0.000
  0.000
  0.000
  0.000
  0.000
  0.000
  0.000
  0.000
  0.000
  0.000
  0.000
  0.000
  0.000
  0.000
  0.000
  0.000
  0.000
  0.000
  0.000
  0.000
  0.000
  0.000
  0.000
  0.000
  0.000
  0.000
  0.000
  0.000
  0.000
  0.000
  0.000
  0.000
  0.000
  0.000
  0.000
  0.000
  0.000
  0.000
  0.000
  0.000
  0.000
  0.000
  0.000
  0.000
  0.000
  0.000
  0.000
  0.000
  0.000
  0.000
  0.000
  0.000
  0.000
  0.000
  0.000
  0.000
  0.000
  0.000
  0.000
  0.000
  0.000
  0.000
  0.000
  0.000
  0.000
  0.000
  1.558
  0.000
  0.000
  0.000
  0.000
  0.000
  1.425
  1.405
  0.000
  2.730
  0.000
  1.327
  0.000
  2.581
  0.000
  2.511
  1.239
  2.444
  1.206
  0.000
  0.000
  1.159
  1.144
  2.258
  1.115
  2.201
  0.000
  1.073
  1.059
  2.092
  5.166
  1.021
  1.008
  0.996
  1.968
  0.972
  2.882
  0.949
  0.938
  0.000
  0.000
  0.000
  1.791
  1.770
  1.750
  1.730
  0.855
  1.692
  0.836
  0.827
  0.000
  0.809
  0.000
  0.792
  0.000
  0.775
  0.000
  1.517
  0.000
  0.743
  0.000
  0.000
  0.000
  0.000
  0.000
  0.000
  0.000
  0.684
  0.000
  0.000
  1.327
  0.000
  0.651
  0.644
  1.276
  0.000
  0.000
  2.480
  1.228
  0.608
  1.205
  0.597
  1.182
  1.757
  1.741
  1.150
  0.000
  1.693
  1.678
  0.554
  3.296
  1.089
  2.158
  2.674
  1.060
  1.051
  0.000
  0.516
  0.512
  1.522
  2.514
  0.997
  1.483
  1.960
  1.458
  1.927
  0.956
  1.421
  0.470
  1.398
  1.386
  0.458
  1.364
  0.451
  2.236
  0.000
  0.880
  1.309
  0.866
  1.288
  0.426
  0.423
  0.839
  0.832
  1.238
  0.1040050E+03  0.1040050E+03
  0.000
  0.000
  0.000
  0.000
  0.000
  0.000
  0.000
  0.000
  0.000
  0.000
  0.000
  0.000
  0.000
  0.000
  0.000
  0.000
 98.957
175.947
 78.722
  0.000
  0.000
  0.000
  0.000
  0.000
  0.000
  0.000
  0.000
 35.631
 99.525
 61.929
  0.000
  0.000
  0.000
  0.000
  0.000
  0.000
  0.000
  0.000
  0.000
  0.000
  0.000
  0.000
  0.000
  0.000
  0.000
  0.000
  0.000
  0.000
  0.000
  0.000
  0.000
  0.000
  0.000
  0.000
  0.000
  0.000
  0.000
  0.000
  0.000
  0.000
  0.000
  0.000
  0.000
  0.000
  0.000
  0.000
  0.000
  0.000
  0.000
  0.000
  0.000
  0.000
  0.000
  0.000
  0.000
  0.000
  0.000
  0.000
  0.000
  0.000
  0.000
  0.000
  0.000
  0.000
  0.000
  0.000
  0.000
  0.000
  0.000
  0.000
  0.000
  0.000
  0.000
  0.000
  0.000
  0.000
  0.000
  0.000
  0.000
  0.000
  0.000
  0.000
  0.000
  0.000
  0.000
  0.000
  0.000
  0.000
  0.000
  0.000
  0.000
  0.000
  0.000
  0.000
  0.000
  0.000
  0.000
  0.000
  0.000
  0.000
  0.000
  0.000
  0.000
  0.000
  0.000
  0.000
  0.000
  0.000
  0.000
  0.000
  0.000
  1.558
  0.000
  0.000
  0.000
  0.000
  1.446
  0.000
  0.000
  2.770
  0.000
  2.692
  0.000
  1.309
  1.291
  1.273
  1.256
  1.239
  1.222
  1.206
  1.190
  0.000
  1.159
  0.000
  3.387
  0.000
  2.201
  1.086
  1.073
  1.059
  2.092
  4.133
  1.021
  2.016
  0.996
  0.984
  2.916
  1.921
  0.949
  0.938
  0.000
  0.000
  1.811
  0.000
  2.655
  0.875
  0.865
  1.711
  0.846
  1.673
  0.827
  0.000
  0.000
  0.800
  0.792
  0.000
  0.000
  0.767
  1.517
  0.000
  0.743
  0.000
  0.000
  0.000
  0.000
  0.000
  0.000
  0.000
  0.000
  0.677
  0.670
  0.664
  0.657
  0.000
  0.644
  0.638
  0.632
  0.000
  1.860
  1.228
  1.825
  0.602
  0.597
  1.182
  1.757
  1.741
  0.575
  1.139
  1.693
  1.119
  0.554
  3.296
  1.633
  2.697
  1.604
  1.060
  1.051
  0.000
  0.516
  0.512
  0.507
  2.011
  2.493
  2.471
  1.470
  0.972
  0.482
  1.911
  0.948
  1.879
  0.466
  1.386
  1.375
  0.455
  1.803
  0.447
  0.887
  0.440
  1.309
  1.732
  0.429
  0.852
  0.423
  0.839
  1.248
  0.413
  0.2677090E+03  0.2677090E+03
  0.000
  0.000
  0.000
  0.000
  0.000
  0.000
  0.000
  0.000
  0.000
  0.000
  0.000
  0.000
  0.000
  0.000
  0.000
  0.000
  0.000
351.894
  0.000
  0.000
  0.000
  0.000
  0.000
  0.000
  0.000
  0.000
  0.000
  0.000
165.876
 30.964
  0.000
  0.000
  0.000
  0.000
  0.000
  0.000
  0.000
  0.000
  0.000
  0.000
  0.000
  0.000
  0.000
  0.000
  0.000
  0.000
  0.000
  0.000
  0.000
  0.000
  0.000
  0.000
  0.000
  0.000
  0.000
  0.000
  0.000
  0.000
  0.000
  0.000
  0.000
  0.000
  0.000
  0.000
  0.000
  0.000
  0.000
  0.000
  0.000
  0.000
  0.000
  0.000
  0.000
  0.000
  0.000
  0.000
  0.000
  0.000
  0.000
  0.000
  0.000
  0.000
  0.000
  0.000
  0.000
  0.000
  0.000
  0.000
  0.000
  0.000
  0.000
  0.000
  0.000
  0.000
  0.000
  0.000
  0.000
  0.000
  0.000
  0.000
  0.000
  0.000
  0.000
  0.000
  0.000
  0.000
  0.000
  0.000
  0.000
  0.000
  0.000
  0.000
  0.000
  0.000
  0.000
  0.000
  0.000
  0.000
  0.000
  0.000
  0.000
  0.000
  0.000
  0.000
  0.000
  0.000
  0.000
  0.000
  0.000
  0.000
  0.000
  1.558
  0.000
  0.000
  0.000
  0.000
  1.446
  0.000
  0.000
  2.770
  1.365
  1.346
  0.000
  1.309
  1.291
  2.546
  0.000
  1.239
  1.222
  1.206
  1.190
  1.174
  0.000
  0.000
  3.387
  0.000
  1.100
  2.173
  1.073
  0.000
  3.138
  4.133
  0.000
  3.024
  1.992
  0.000
  2.916
  1.921
  0.949
  0.938
  0.000
  0.000
  0.906
  1.791
  1.770
  0.875
  0.865
  1.711
  0.846
  1.673
  0.827
  0.000
  0.000
  0.000
  1.583
  0.000
  0.000
  0.767
  1.517
  0.000
  0.743
  0.000
  0.000
  0.000
  0.000
  0.000
  0.000
  0.000
  0.000
  1.354
  0.000
  1.327
  0.000
  0.000
  1.289
  0.000
  0.632
  0.000
  1.240
  2.456
  0.608
  1.807
  0.000
  0.591
  1.757
  2.901
  0.575
  1.139
  0.564
  1.678
  1.109
  3.296
  1.089
  2.697
  1.604
  0.530
  1.051
  1.041
  0.516
  0.000
  0.507
  2.011
  2.493
  1.483
  2.450
  0.972
  0.964
  0.956
  1.421
  1.409
  0.466
  1.386
  1.375
  0.909
  1.803
  0.447
  0.887
  0.440
  2.182
  0.866
  0.429
  0.852
  0.423
  0.839
  1.248
  0.413
  0.1686368E+03  0.1686368E+03
  0.000
  0.000
  0.000
  0.000
  0.000
  0.000
  0.000
  0.000
  0.000
  0.000
  0.000
  0.000
  0.000
  0.000
  0.000
  0.000
  0.000
263.921
  0.000
 70.857
  0.000
  0.000
  0.000
  0.000
  0.000
  0.000
  0.000
  0.000
 99.525
 30.964
 57.935
  0.000
  0.000
  0.000
  0.000
  0.000
  0.000
  0.000
  0.000
  0.000
  0.000
  0.000
  0.000
  0.000
  0.000
  0.000
  0.000
  0.000
  0.000
  0.000
  0.000
  0.000
  0.000
  0.000
  0.000
  0.000
  0.000
  0.000
  0.000
  0.000
  0.000
  0.000
  0.000
  0.000
  0.000
  0.000
  0.000
  0.000
  0.000
  0.000
  0.000
  0.000
  0.000
  0.000
  0.000
  0.000
  0.000
  0.000
  0.000
  0.000
  0.000
  0.000
  0.000
  0.000
  0.000
  0.000
  0.000
  0.000
  0.000
  0.000
  0.000
  0.000
  0.000
  0.000
  0.000
  0.000
  0.000
  0.000
  0.000
  0.000
  0.000
  0.000
  0.000
  0.000
  0.000
  0.000
  0.000
  0.000
  0.000
  0.000
  0.000
  0.000
  0.000
  0.000
  0.000
  0.000
  0.000
  0.000
  0.000
  0.000
  0.000
  0.000
  0.000
  0.000
  0.000
  0.000
  0.000
  0.000
  0.000
  0.000
  1.582
  0.000
  0.000
  0.000
  0.000
  0.000
  1.446
  0.000
  1.405
  2.770
  0.000
  1.346
  0.000
  1.309
  1.291
  2.546
  1.256
  0.000
  1.222
  2.412
  0.000
  1.174
  0.000
  1.144
  2.258
  0.000
  0.000
  3.259
  1.073
  2.119
  0.000
  2.066
  4.082
  2.016
  1.992
  0.984
  1.944
  1.921
  0.000
  0.938
  0.927
  0.000
  0.906
  0.000
  1.770
  2.625
  0.865
  0.855
  1.692
  1.673
  0.827
  0.000
  0.000
  0.000
  0.792
  0.783
  0.000
  1.533
  0.000
  0.750
  0.000
  0.735
  0.000
  0.000
  0.000
  0.000
  0.000
  0.691
  0.000
  0.677
  0.670
  0.664
  0.000
  0.651
  0.644
  0.000
  0.632
  0.626
  1.860
  1.228
  0.608
  1.807
  0.000
  0.591
  1.757
  1.161
  2.875
  0.570
  0.564
  2.797
  1.109
  1.648
  2.722
  1.618
  1.604
  0.000
  1.576
  1.562
  0.000
  0.000
  0.507
  2.011
  1.496
  2.471
  1.960
  0.972
  1.445
  0.478
  1.421
  0.940
  1.398
  1.848
  0.458
  0.455
  2.705
  0.894
  0.000
  1.320
  0.873
  0.433
  1.718
  0.852
  0.845
  0.419
  0.832
  0.413
  0.1011529E+03  0.1011529E+03
  0.000
  0.000
  0.000
  0.000
  0.000
  0.000
  0.000
  0.000
  0.000
  0.000
  0.000
  0.000
  0.000
  0.000
  0.000
  0.000
  0.000
263.921
  0.000
 70.857
  0.000
  0.000
  0.000
  0.000
  0.000
  0.000
  0.000
  0.000
 66.350
 92.893
 28.967
  0.000
  0.000
  0.000
  0.000
  0.000
  0.000
  0.000
  0.000
  0.000
  0.000
  0.000
  0.000
  0.000
  0.000
  0.000
  0.000
  0.000
  0.000
  0.000
  0.000
  0.000
  0.000
  0.000
  0.000
  0.000
  0.000
  0.000
  0.000
  0.000
  0.000
  0.000
  0.000
  0.000
  0.000
  0.000
  0.000
  0.000
  0.000
  0.000
  0.000
  0.000
  0.000
  0.000
  0.000
  0.000
  0.000
  0.000
  0.000
  0.000
  0.000
  0.000
  0.000
  0.000
  0.000
  0.000
  0.000
  0.000
  0.000
  0.000
  0.000
  0.000
  0.000
  0.000
  0.000
  0.000
  0.000
  0.000
  0.000
  0.000
  0.000
  0.000
  0.000
  0.000
  0.000
  0.000
  0.000
  0.000
  0.000
  0.000
  0.000
  0.000
  0.000
  0.000
  0.000
  0.000
  0.000
  0.000
  0.000
  0.000
  0.000
  0.000
  0.000
  0.000
  0.000
  0.000
  0.000
  0.000
  0.000
  0.000
  1.582
  0.000
  0.000
  0.000
  0.000
  0.000
  1.446
  1.425
  0.000
  2.770
  0.000
  1.346
  0.000
  1.309
  1.291
  2.546
  1.256
  0.000
  1.222
  2.412
  1.190
  0.000
  0.000
  1.144
  2.258
  0.000
  1.100
  2.173
  1.073
  2.119
  0.000
  2.066
  3.062
  3.024
  1.992
  0.984
  0.972
  2.882
  0.000
  0.938
  0.927
  0.000
  0.906
  0.000
  2.655
  1.750
  0.865
  0.855
  2.537
  0.836
  0.000
  0.818
  0.000
  0.000
  0.792
  0.783
  0.000
  0.767
  0.758
  0.750
  0.000
  0.735
  0.000
  0.000
  0.000
  0.000
  0.000
  0.691
  0.000
  0.677
  0.670
  0.664
  0.000
  0.651
  0.644
  0.000
  0.000
  1.878
  1.240
  0.614
  1.216
  1.807
  0.000
  1.182
  1.171
  1.741
  2.875
  0.000
  1.129
  1.119
  2.217
  2.197
  2.177
  2.697
  0.535
  0.530
  0.525
  2.083
  0.000
  0.000
  0.507
  2.011
  0.997
  2.966
  1.960
  0.972
  0.964
  0.956
  0.948
  0.940
  2.330
  1.386
  0.458
  0.000
  3.606
  0.447
  0.000
  0.880
  1.309
  0.433
  1.718
  1.704
  0.423
  0.000
  0.416
  0.413
  0.1934935E+03  0.1934935E+03
  0.000
  0.000
  0.000
  0.000
  0.000
  0.000
  0.000
  0.000
  0.000
  0.000
  0.000
  0.000
  0.000
  0.000
  0.000
  0.000
  0.000
351.894
  0.000
  0.000
  0.000
  0.000
  0.000
  0.000
  0.000
  0.000
  0.000
 35.631
 66.350
 92.893
  0.000
  0.000
  0.000
  0.000
  0.000
  0.000
  0.000
  0.000
  0.000
  0.000
  0.000
  0.000
  0.000
  0.000
  0.000
  0.000
  0.000
  0.000
  0.000
  0.000
  0.000
  0.000
  0.000
  0.000
  0.000
  0.000
  0.000
  0.000
  0.000
  0.000
  0.000
  0.000
  0.000
  0.000
  0.000
  0.000
  0.000
  0.000
  0.000
  0.000
  0.000
  0.000
  0.000
  0.000
  0.000
  0.000
  0.000
  0.000
  0.000
  0.000
  0.000
  0.000
  0.000
  0.000
  0.000
  0.000
  0.000
  0.000
  0.000
  0.000
  0.000
  0.000
  0.000
  0.000
  0.000
  0.000
  0.000
  0.000
  0.000
  0.000
  0.000
  0.000
  0.000
  0.000
  0.000
  0.000
  0.000
  0.000
  0.000
  0.000
  0.000
  0.000
  0.000
  0.000
  0.000
  0.000
  0.000
  0.000
  0.000
  0.000
  0.000
  0.000
  0.000
  0.000
  0.000
  0.000
  0.000
  0.000
  0.000
  0.000
  0.000
  1.558
  0.000
  0.000
  0.000
  0.000
  0.000
  1.425
  1.405
  2.770
  0.000
  1.346
  0.000
  0.000
  1.291
  3.819
  0.000
  1.239
  1.222
  0.000
  3.569
  0.000
  0.000
  0.000
  2.258
  1.115
  1.100
  2.173
  1.073
  1.059
  1.046
  3.100
  2.041
  3.024
  1.992
  1.968
  0.972
  1.921
  0.000
  0.938
  0.927
  0.000
  0.906
  1.791
  1.770
  1.750
  0.865
  0.855
  1.692
  0.000
  0.827
  0.818
  0.000
  0.000
  0.792
  0.783
  0.000
  0.767
  1.517
  0.000
  0.743
  0.000
  0.000
  0.000
  0.000
  0.000
  0.000
  0.000
  0.684
  0.677
  0.670
  0.000
  0.657
  0.000
  1.289
  0.000
  0.000
  0.000
  1.860
  1.228
  1.216
  2.410
  0.000
  0.591
  1.171
  1.741
  3.450
  0.000
  0.564
  1.678
  2.217
  3.296
  0.544
  3.237
  0.535
  0.530
  0.525
  2.083
  0.000
  0.000
  0.507
  1.509
  1.994
  2.966
  2.450
  0.486
  0.000
  1.433
  0.948
  1.879
  1.864
  0.924
  0.917
  0.909
  1.803
  0.894
  0.444
  0.880
  1.746
  0.433
  1.718
  0.000
  0.845
  0.839
  0.416
  0.413
  0.1021516E+03  0.1021516E+03
  0.000
  0.000
  0.000
  0.000
  0.000
  0.000
  0.000
  0.000
  0.000
  0.000
  0.000
  0.000
  0.000
  0.000
  0.000
  0.000
197.914
175.947
  0.000
  0.000
  0.000
  0.000
  0.000
  0.000
  0.000
  0.000
  0.000
106.894
 66.350
 30.964
  0.000
  0.000
  0.000
  0.000
  0.000
  0.000
  0.000
  0.000
  0.000
  0.000
  0.000
  0.000
  0.000
  0.000
  0.000
  0.000
  0.000
  0.000
  0.000
  0.000
  0.000
  0.000
  0.000
  0.000
  0.000
  0.000
  0.000
  0.000
  0.000
  0.000
  0.000
  0.000
  0.000
  0.000
  0.000
  0.000
  0.000
  0.000
  0.000
  0.000
  0.000
  0.000
  0.000
  0.000
  0.000
  0.000
  0.000
  0.000
  0.000
  0.000
  0.000
  0.000
  0.000
  0.000
  0.000
  0.000
  0.000
  0.000
  0.000
  0.000
  0.000
  0.000
  0.000
  0.000
  0.000
  0.000
  0.000
  0.000
  0.000
  0.000
  0.000
  0.000
  0.000
  0.000
  0.000
  0.000
  0.000
  0.000
  0.000
  0.000
  0.000
  0.000
  0.000
  0.000
  0.000
  0.000
  0.000
  0.000
  0.000
  0.000
  0.000
  0.000
  0.000
  0.000
  0.000
  0.000
  0.000
  0.000
  0.000
  0.000
  0.000
  0.000
  1.535
  0.000
  0.000
  0.000
  0.000
  1.425
  1.405
  2.770
  0.000
  1.346
  0.000
  0.000
  2.581
  2.546
  0.000
  0.000
  2.444
  0.000
  1.190
  2.348
  0.000
  0.000
  2.258
  1.115
  2.201
  1.086
  1.073
  1.059
  1.046
  2.066
  3.062
  4.032
  0.996
  2.952
  0.000
  0.961
  1.898
  0.938
  0.000
  0.000
  2.717
  0.895
  1.770
  0.875
  0.865
  0.855
  1.692
  0.836
  0.827
  0.000
  0.000
  0.000
  0.792
  0.783
  0.775
  1.533
  0.000
  0.000
  0.743
  0.000
  0.000
  0.000
  0.000
  0.000
  0.000
  0.000
  0.000
  0.677
  1.341
  0.000
  0.000
  0.651
  0.644
  0.638
  0.000
  0.000
  0.620
  1.842
  1.216
  3.012
  0.000
  0.591
  0.586
  2.321
  2.875
  0.570
  0.564
  1.678
  1.109
  3.845
  1.089
  2.697
  0.535
  0.530
  1.576
  1.562
  0.000
  0.512
  0.000
  2.011
  1.994
  2.966
  1.960
  0.486
  0.000
  1.433
  1.895
  1.879
  0.932
  0.924
  0.917
  1.364
  2.254
  0.000
  1.331
  0.440
  1.746
  0.433
  1.288
  0.000
  0.423
  0.839
  0.832
  0.826
