   1   5   1   0  0.1893149E+03  0.5000000E+02
  CAR 
 unknown system                          
   0   0   0
   1   1
 256 256 256
 256
  0.1000000E-09
  0.6250000E-11
  10
  0.2000000E-14  0.9719827E-09  0.1003690E-08  0.9708610E-09
  0.7842141E+02  0.7842141E+02
  0.000
  0.000
  0.000
  0.000
  0.000
  0.000
  0.000
  0.000
  0.000
  0.000
  0.000
  0.000
  0.000
  0.000
  0.000
  0.000
 90.635
241.725
  0.000
  0.000
  0.000
  0.000
  0.000
  0.000
  0.000
  0.000
  0.000
 97.905
 91.155
  0.000
  0.000
  0.000
  0.000
  0.000
  0.000
  0.000
  0.000
  0.000
  0.000
  0.000
  0.000
  0.000
  0.000
  0.000
  0.000
  0.000
  0.000
  0.000
  0.000
  0.000
  0.000
  0.000
  0.000
  0.000
  0.000
  0.000
  0.000
  0.000
  0.000
  0.000
  0.000
  0.000
  0.000
  0.000
  0.000
  0.000
  0.000
  0.000
  0.000
  0.000
  0.000
  0.000
  0.000
  0.000
  0.000
  0.000
  0.000
  0.000
  0.000
  0.000
  0.000
  0.000
  0.000
  0.000
  0.000
  0.000
  0.000
  0.000
  0.000
  0.000
  0.000
  0.000
  0.000
  0.000
  0.000
  0.000
  0.000
  0.000
  0.000
  0.000
  0.000
  0.000
  0.000
  0.000
  0.000
  0.000
  0.000
  0.000
  0.000
  0.000
  0.000
  0.000
  0.000
  0.000
  0.000
  0.000
  0.000
  0.000
  0.000
  0.000
  0.000
  0.000
  0.000
  0.000
  0.000
  0.000
  0.000
  1.518
  0.000
  0.000
  0.000
  1.427
  0.000
  0.000
  1.364
  1.344
  1.325
  1.306
  1.287
  0.000
  0.000
  2.466
  2.431
  0.000
  2.364
  1.166
  0.000
  0.000
  2.239
  0.000
  0.000
  3.226
  1.061
  3.143
  0.000
  2.042
  3.023
  1.990
  0.983
  2.911
  0.958
  1.893
  0.935
  0.923
  1.824
  0.000
  0.000
  0.000
  0.000
  3.436
  1.698
  1.678
  1.659
  0.820
  0.000
  0.000
  2.377
  0.000
  0.775
  0.000
  0.758
  0.000
  0.000
  0.733
  0.725
  0.000
  0.710
  0.000
  0.000
  0.000
  0.000
  0.000
  0.000
  0.659
  0.652
  0.000
  0.000
  1.266
  0.626
  0.620
  0.614
  1.824
  0.000
  0.000
  1.180
  2.338
  1.158
  2.293
  1.703
  1.687
  1.671
  0.000
  0.547
  3.790
  0.536
  2.126
  1.053
  0.000
  0.000
  1.537
  1.523
  1.006
  0.499
  1.977
  1.959
  0.971
  1.443
  1.431
  0.945
  1.875
  1.858
  1.842
  1.370
  1.358
  0.449
  1.780
  0.441
  1.750
  0.868
  0.861
  0.853
  0.423
  0.839
  0.833
  0.826
  0.819
  0.406
  1.209
  0.400
  0.397
  0.000
  0.780
  1.161
  0.768
  0.381
  1.134
  0.1013298E+03  0.1013298E+03
  0.000
  0.000
  0.000
  0.000
  0.000
  0.000
  0.000
  0.000
  0.000
  0.000
  0.000
  0.000
  0.000
  0.000
  0.000
  0.000
  0.000
241.725
 72.102
  0.000
  0.000
  0.000
  0.000
  0.000
  0.000
  0.000
  0.000
  0.000
 91.155
 85.081
  0.000
  0.000
  0.000
  0.000
  0.000
  0.000
  0.000
  0.000
  0.000
  0.000
  0.000
  0.000
  0.000
  0.000
  0.000
  0.000
  0.000
  0.000
  0.000
  0.000
  0.000
  0.000
  0.000
  0.000
  0.000
  0.000
  0.000
  0.000
  0.000
  0.000
  0.000
  0.000
  0.000
  0.000
  0.000
  0.000
  0.000
  0.000
  0.000
  0.000
  0.000
  0.000
  0.000
  0.000
  0.000
  0.000
  0.000
  0.000
  0.000
  0.000
  0.000
  0.000
  0.000
  0.000
  0.000
  0.000
  0.000
  0.000
  0.000
  0.000
  0.000
  0.000
  0.000
  0.000
  0.000
  0.000
  0.000
  0.000
  0.000
  0.000
  0.000
  0.000
  0.000
  0.000
  0.000
  0.000
  0.000
  0.000
  0.000
  0.000
  0.000
  0.000
  0.000
  0.000
  0.000
  0.000
  0.000
  0.000
  0.000
  0.000
  0.000
  0.000
  0.000
  0.000
  0.000
  0.000
  1.542
  0.000
  0.000
  0.000
  1.449
  0.000
  0.000
  1.385
  1.364
  0.000
  1.325
  2.611
  0.000
  0.000
  1.250
  1.233
  2.431
  0.000
  2.364
  1.166
  0.000
  0.000
  2.239
  0.000
  1.090
  2.151
  0.000
  4.190
  0.000
  3.062
  2.016
  1.990
  0.983
  1.940
  0.958
  2.839
  0.000
  1.847
  0.912
  0.901
  0.000
  0.000
  0.000
  2.577
  1.698
  0.839
  1.659
  1.640
  0.811
  0.000
  0.792
  1.567
  0.000
  0.766
  0.000
  0.000
  0.741
  0.733
  0.000
  0.717
  0.000
  0.702
  0.000
  0.000
  0.000
  0.000
  0.666
  0.659
  0.000
  0.646
  0.639
  0.633
  0.626
  0.620
  1.228
  0.608
  0.000
  0.000
  2.361
  1.753
  2.315
  0.573
  1.703
  3.374
  0.000
  0.000
  1.093
  3.249
  1.073
  1.594
  1.053
  0.000
  0.000
  1.025
  1.523
  1.509
  0.000
  2.471
  1.469
  1.456
  0.962
  1.908
  0.945
  1.406
  1.858
  1.382
  1.370
  1.358
  1.347
  0.890
  0.883
  1.750
  1.302
  0.861
  0.853
  0.423
  0.000
  1.249
  0.413
  1.229
  0.406
  0.806
  1.199
  0.397
  0.000
  1.561
  0.387
  0.384
  1.524
  0.756
  0.8447298E+02  0.8447298E+02
  0.000
  0.000
  0.000
  0.000
  0.000
  0.000
  0.000
  0.000
  0.000
  0.000
  0.000
  0.000
  0.000
  0.000
  0.000
  0.000
  0.000
241.725
 72.102
  0.000
  0.000
  0.000
  0.000
  0.000
  0.000
  0.000
  0.000
  0.000
 60.770
113.441
  0.000
  0.000
  0.000
  0.000
  0.000
  0.000
  0.000
  0.000
  0.000
  0.000
  0.000
  0.000
  0.000
  0.000
  0.000
  0.000
  0.000
  0.000
  0.000
  0.000
  0.000
  0.000
  0.000
  0.000
  0.000
  0.000
  0.000
  0.000
  0.000
  0.000
  0.000
  0.000
  0.000
  0.000
  0.000
  0.000
  0.000
  0.000
  0.000
  0.000
  0.000
  0.000
  0.000
  0.000
  0.000
  0.000
  0.000
  0.000
  0.000
  0.000
  0.000
  0.000
  0.000
  0.000
  0.000
  0.000
  0.000
  0.000
  0.000
  0.000
  0.000
  0.000
  0.000
  0.000
  0.000
  0.000
  0.000
  0.000
  0.000
  0.000
  0.000
  0.000
  0.000
  0.000
  0.000
  0.000
  0.000
  0.000
  0.000
  0.000
  0.000
  0.000
  0.000
  0.000
  0.000
  0.000
  0.000
  0.000
  0.000
  0.000
  0.000
  0.000
  0.000
  0.000
  0.000
  0.000
  0.000
  1.518
  0.000
  0.000
  1.449
  0.000
  0.000
  1.385
  1.364
  0.000
  1.325
  2.611
  0.000
  0.000
  2.501
  0.000
  1.216
  1.199
  2.364
  0.000
  1.150
  0.000
  2.239
  0.000
  3.269
  0.000
  2.123
  2.095
  0.000
  3.062
  3.023
  0.995
  0.000
  2.911
  2.875
  0.946
  0.000
  1.847
  0.912
  0.901
  0.000
  0.000
  0.869
  1.718
  1.698
  0.839
  1.659
  1.640
  0.000
  0.801
  1.585
  0.783
  0.000
  0.766
  0.000
  0.000
  0.741
  0.733
  0.000
  0.717
  0.000
  0.702
  0.000
  0.000
  0.000
  0.000
  0.666
  0.659
  0.000
  0.646
  0.639
  0.633
  0.626
  1.240
  0.614
  0.608
  0.000
  0.596
  2.361
  1.169
  1.737
  1.147
  1.136
  3.374
  0.557
  0.000
  1.640
  2.166
  1.609
  1.594
  1.053
  0.000
  0.517
  1.025
  1.015
  1.509
  0.499
  1.977
  1.469
  1.942
  0.481
  1.431
  1.891
  0.469
  1.858
  1.842
  1.370
  1.811
  0.898
  1.335
  0.441
  1.750
  0.434
  1.721
  0.427
  0.846
  0.000
  1.665
  0.413
  0.410
  0.812
  0.806
  1.199
  0.397
  0.000
  1.171
  0.774
  0.768
  1.143
  0.756
  0.5482165E+02  0.5482165E+02
  0.000
  0.000
  0.000
  0.000
  0.000
  0.000
  0.000
  0.000
  0.000
  0.000
  0.000
  0.000
  0.000
  0.000
  0.000
  0.000
  0.000
161.150
144.203
  0.000
  0.000
  0.000
  0.000
  0.000
  0.000
  0.000
  0.000
 32.635
 60.770
 56.720
 26.531
  0.000
  0.000
  0.000
  0.000
  0.000
  0.000
  0.000
  0.000
  0.000
  0.000
  0.000
  0.000
  0.000
  0.000
  0.000
  0.000
  0.000
  0.000
  0.000
  0.000
  0.000
  0.000
  0.000
  0.000
  0.000
  0.000
  0.000
  0.000
  0.000
  0.000
  0.000
  0.000
  0.000
  0.000
  0.000
  0.000
  0.000
  0.000
  0.000
  0.000
  0.000
  0.000
  0.000
  0.000
  0.000
  0.000
  0.000
  0.000
  0.000
  0.000
  0.000
  0.000
  0.000
  0.000
  0.000
  0.000
  0.000
  0.000
  0.000
  0.000
  0.000
  0.000
  0.000
  0.000
  0.000
  0.000
  0.000
  0.000
  0.000
  0.000
  0.000
  0.000
  0.000
  0.000
  0.000
  0.000
  0.000
  0.000
  0.000
  0.000
  0.000
  0.000
  0.000
  0.000
  0.000
  0.000
  0.000
  0.000
  0.000
  0.000
  0.000
  0.000
  0.000
  0.000
  0.000
  0.000
  1.518
  0.000
  1.472
  0.000
  0.000
  1.406
  0.000
  1.364
  0.000
  1.325
  2.611
  0.000
  0.000
  2.501
  0.000
  0.000
  2.397
  2.364
  0.000
  1.150
  0.000
  2.239
  0.000
  3.269
  0.000
  2.123
  1.048
  2.068
  3.062
  1.008
  1.990
  0.983
  0.970
  2.875
  0.946
  0.935
  0.923
  1.824
  0.901
  0.000
  0.000
  1.739
  0.859
  1.698
  1.678
  0.829
  1.640
  0.000
  0.801
  0.792
  1.567
  0.000
  0.000
  0.758
  0.000
  1.482
  0.000
  0.000
  0.717
  0.000
  0.000
  0.695
  0.000
  0.000
  0.000
  0.666
  0.659
  0.652
  0.000
  0.639
  0.633
  0.626
  1.860
  0.000
  0.000
  0.602
  1.192
  0.000
  2.922
  2.315
  0.000
  2.271
  2.812
  0.557
  0.552
  1.640
  1.624
  1.609
  1.594
  1.053
  0.522
  0.000
  1.537
  0.000
  2.515
  0.000
  1.977
  1.469
  1.456
  1.924
  0.954
  0.945
  0.469
  2.323
  2.303
  0.913
  1.358
  0.898
  1.780
  0.883
  0.875
  0.868
  2.152
  0.000
  0.846
  0.420
  1.249
  0.413
  0.410
  0.406
  0.806
  1.599
  0.397
  0.393
  0.780
  0.774
  0.768
  0.762
  0.756
  0.8867068E+02  0.8867068E+02
  0.000
  0.000
  0.000
  0.000
  0.000
  0.000
  0.000
  0.000
  0.000
  0.000
  0.000
  0.000
  0.000
  0.000
  0.000
  0.000
  0.000
241.725
 72.102
  0.000
  0.000
  0.000
  0.000
  0.000
  0.000
  0.000
  0.000
 32.635
 60.770
 85.081
  0.000
  0.000
  0.000
  0.000
  0.000
  0.000
  0.000
  0.000
  0.000
  0.000
  0.000
  0.000
  0.000
  0.000
  0.000
  0.000
  0.000
  0.000
  0.000
  0.000
  0.000
  0.000
  0.000
  0.000
  0.000
  0.000
  0.000
  0.000
  0.000
  0.000
  0.000
  0.000
  0.000
  0.000
  0.000
  0.000
  0.000
  0.000
  0.000
  0.000
  0.000
  0.000
  0.000
  0.000
  0.000
  0.000
  0.000
  0.000
  0.000
  0.000
  0.000
  0.000
  0.000
  0.000
  0.000
  0.000
  0.000
  0.000
  0.000
  0.000
  0.000
  0.000
  0.000
  0.000
  0.000
  0.000
  0.000
  0.000
  0.000
  0.000
  0.000
  0.000
  0.000
  0.000
  0.000
  0.000
  0.000
  0.000
  0.000
  0.000
  0.000
  0.000
  0.000
  0.000
  0.000
  0.000
  0.000
  0.000
  0.000
  0.000
  0.000
  0.000
  0.000
  0.000
  0.000
  0.000
  0.000
  0.000
  1.495
  0.000
  1.449
  0.000
  1.406
  0.000
  1.364
  0.000
  0.000
  3.917
  0.000
  0.000
  2.501
  0.000
  0.000
  2.397
  2.364
  0.000
  1.150
  0.000
  1.119
  1.104
  3.269
  1.075
  1.061
  2.095
  2.068
  2.042
  1.008
  0.995
  1.965
  0.970
  2.875
  0.946
  0.935
  0.923
  1.824
  0.901
  0.000
  0.000
  1.739
  0.859
  1.698
  1.678
  0.829
  1.640
  0.000
  0.801
  2.377
  0.000
  0.000
  0.000
  0.758
  0.000
  1.482
  0.000
  0.000
  0.717
  0.000
  0.702
  0.000
  0.000
  0.000
  0.000
  0.000
  0.659
  1.305
  0.000
  0.000
  1.266
  0.000
  2.481
  0.000
  0.000
  0.000
  1.788
  0.000
  2.922
  1.158
  1.147
  2.271
  1.687
  1.671
  0.552
  1.093
  1.624
  2.682
  1.063
  1.053
  0.522
  0.000
  1.025
  0.508
  2.515
  0.499
  1.977
  0.490
  2.427
  1.443
  0.954
  0.473
  0.937
  2.787
  1.842
  1.370
  0.905
  2.244
  0.445
  0.883
  1.313
  0.868
  1.291
  0.427
  0.846
  0.420
  1.249
  0.826
  0.000
  0.812
  0.806
  1.199
  0.397
  0.393
  0.780
  0.774
  1.152
  0.762
  0.378
  0.1318850E+03  0.1318850E+03
  0.000
  0.000
  0.000
  0.000
  0.000
  0.000
  0.000
  0.000
  0.000
  0.000
  0.000
  0.000
  0.000
  0.000
  0.000
  0.000
  0.000
322.300
  0.000
  0.000
  0.000
  0.000
  0.000
  0.000
  0.000
  0.000
  0.000
  0.000
151.926
 28.360
  0.000
  0.000
  0.000
  0.000
  0.000
  0.000
  0.000
  0.000
  0.000
  0.000
  0.000
  0.000
  0.000
  0.000
  0.000
  0.000
  0.000
  0.000
  0.000
  0.000
  0.000
  0.000
  0.000
  0.000
  0.000
  0.000
  0.000
  0.000
  0.000
  0.000
  0.000
  0.000
  0.000
  0.000
  0.000
  0.000
  0.000
  0.000
  0.000
  0.000
  0.000
  0.000
  0.000
  0.000
  0.000
  0.000
  0.000
  0.000
  0.000
  0.000
  0.000
  0.000
  0.000
  0.000
  0.000
  0.000
  0.000
  0.000
  0.000
  0.000
  0.000
  0.000
  0.000
  0.000
  0.000
  0.000
  0.000
  0.000
  0.000
  0.000
  0.000
  0.000
  0.000
  0.000
  0.000
  0.000
  0.000
  0.000
  0.000
  0.000
  0.000
  0.000
  0.000
  0.000
  0.000
  0.000
  0.000
  0.000
  0.000
  0.000
  0.000
  0.000
  0.000
  0.000
  0.000
  0.000
  0.000
  1.518
  0.000
  0.000
  0.000
  1.427
  0.000
  1.385
  0.000
  1.344
  0.000
  1.306
  2.573
  1.268
  1.250
  0.000
  1.216
  1.199
  1.182
  1.166
  0.000
  2.269
  1.119
  0.000
  3.269
  0.000
  3.184
  0.000
  3.102
  1.021
  3.023
  0.000
  1.965
  0.970
  1.916
  1.893
  0.935
  0.923
  2.736
  0.000
  0.000
  0.880
  0.869
  0.859
  1.698
  0.839
  1.659
  0.820
  1.621
  0.801
  1.585
  0.000
  0.000
  0.766
  0.000
  0.749
  0.000
  0.733
  0.000
  0.717
  0.000
  0.702
  0.000
  0.000
  0.000
  0.000
  0.000
  1.318
  0.000
  0.646
  0.000
  0.633
  0.626
  1.240
  1.228
  0.000
  1.204
  0.000
  1.771
  1.169
  1.737
  1.720
  1.703
  1.687
  1.671
  0.552
  0.547
  1.624
  2.682
  2.126
  0.527
  0.000
  0.517
  0.512
  1.015
  2.012
  1.496
  1.482
  1.469
  0.485
  2.887
  0.477
  0.473
  1.406
  2.323
  2.303
  1.370
  1.358
  0.898
  0.890
  0.441
  1.313
  1.302
  1.291
  0.427
  0.423
  1.259
  0.833
  0.413
  0.410
  1.219
  0.403
  1.199
  0.397
  0.000
  0.780
  1.161
  1.536
  0.000
  1.134
  0.1699075E+03  0.1699075E+03
  0.000
  0.000
  0.000
  0.000
  0.000
  0.000
  0.000
  0.000
  0.000
  0.000
  0.000
  0.000
  0.000
  0.000
  0.000
  0.000
  0.000
241.725
 72.102
  0.000
  0.000
  0.000
  0.000
  0.000
  0.000
  0.000
  0.000
 32.635
 91.155
 56.720
  0.000
  0.000
  0.000
  0.000
  0.000
  0.000
  0.000
  0.000
  0.000
  0.000
  0.000
  0.000
  0.000
  0.000
  0.000
  0.000
  0.000
  0.000
  0.000
  0.000
  0.000
  0.000
  0.000
  0.000
  0.000
  0.000
  0.000
  0.000
  0.000
  0.000
  0.000
  0.000
  0.000
  0.000
  0.000
  0.000
  0.000
  0.000
  0.000
  0.000
  0.000
  0.000
  0.000
  0.000
  0.000
  0.000
  0.000
  0.000
  0.000
  0.000
  0.000
  0.000
  0.000
  0.000
  0.000
  0.000
  0.000
  0.000
  0.000
  0.000
  0.000
  0.000
  0.000
  0.000
  0.000
  0.000
  0.000
  0.000
  0.000
  0.000
  0.000
  0.000
  0.000
  0.000
  0.000
  0.000
  0.000
  0.000
  0.000
  0.000
  0.000
  0.000
  0.000
  0.000
  0.000
  0.000
  0.000
  0.000
  0.000
  0.000
  0.000
  0.000
  0.000
  0.000
  0.000
  0.000
  0.000
  1.518
  0.000
  0.000
  1.449
  0.000
  0.000
  1.385
  0.000
  1.344
  0.000
  2.611
  1.287
  1.268
  1.250
  0.000
  1.216
  1.199
  0.000
  2.332
  0.000
  2.269
  0.000
  1.104
  2.179
  1.075
  3.184
  2.095
  0.000
  3.062
  2.016
  0.000
  0.983
  1.940
  1.916
  1.893
  0.935
  0.923
  1.824
  0.901
  0.000
  0.880
  0.869
  1.718
  0.849
  0.839
  1.659
  0.820
  1.621
  0.000
  2.377
  0.000
  0.775
  0.000
  0.000
  0.749
  0.000
  0.733
  0.000
  0.717
  0.710
  0.000
  0.000
  0.000
  0.000
  0.000
  0.666
  0.659
  0.000
  0.646
  0.000
  0.000
  1.253
  2.481
  0.000
  0.000
  1.204
  0.000
  1.180
  2.338
  1.158
  1.720
  1.136
  2.250
  1.114
  1.104
  1.640
  1.624
  2.146
  0.531
  1.053
  0.522
  1.034
  0.000
  1.015
  2.012
  0.997
  0.988
  1.959
  1.942
  0.962
  0.954
  0.473
  1.875
  1.858
  2.303
  1.370
  1.811
  0.898
  0.890
  0.883
  0.875
  1.736
  0.861
  0.427
  0.423
  1.259
  0.416
  0.826
  0.819
  0.812
  1.209
  0.400
  0.000
  0.393
  0.390
  1.549
  0.768
  1.524
  0.378
  0.1491707E+03  0.1491707E+03
  0.000
  0.000
  0.000
  0.000
  0.000
  0.000
  0.000
  0.000
  0.000
  0.000
  0.000
  0.000
  0.000
  0.000
  0.000
  0.000
  0.000
161.150
144.203
  0.000
  0.000
  0.000
  0.000
  0.000
  0.000
  0.000
  0.000
 32.635
 91.155
  0.000
 53.062
  0.000
  0.000
  0.000
  0.000
  0.000
  0.000
  0.000
  0.000
  0.000
  0.000
  0.000
  0.000
  0.000
  0.000
  0.000
  0.000
  0.000
  0.000
  0.000
  0.000
  0.000
  0.000
  0.000
  0.000
  0.000
  0.000
  0.000
  0.000
  0.000
  0.000
  0.000
  0.000
  0.000
  0.000
  0.000
  0.000
  0.000
  0.000
  0.000
  0.000
  0.000
  0.000
  0.000
  0.000
  0.000
  0.000
  0.000
  0.000
  0.000
  0.000
  0.000
  0.000
  0.000
  0.000
  0.000
  0.000
  0.000
  0.000
  0.000
  0.000
  0.000
  0.000
  0.000
  0.000
  0.000
  0.000
  0.000
  0.000
  0.000
  0.000
  0.000
  0.000
  0.000
  0.000
  0.000
  0.000
  0.000
  0.000
  0.000
  0.000
  0.000
  0.000
  0.000
  0.000
  0.000
  0.000
  0.000
  0.000
  0.000
  0.000
  0.000
  0.000
  0.000
  0.000
  0.000
  0.000
  1.518
  1.495
  0.000
  0.000
  0.000
  0.000
  1.385
  0.000
  2.689
  0.000
  2.611
  0.000
  1.268
  0.000
  1.233
  2.431
  0.000
  0.000
  2.332
  1.150
  1.135
  0.000
  2.209
  2.179
  0.000
  3.184
  2.095
  1.034
  3.062
  0.000
  0.995
  0.000
  1.940
  3.833
  0.946
  0.935
  0.923
  0.912
  1.802
  0.000
  0.880
  0.869
  1.718
  0.849
  0.839
  0.829
  1.640
  0.811
  1.603
  0.792
  0.000
  0.775
  0.766
  0.000
  0.000
  0.000
  1.466
  0.000
  0.717
  0.710
  0.000
  0.000
  0.000
  0.000
  0.673
  0.000
  0.659
  0.652
  0.000
  0.000
  0.633
  2.506
  0.000
  0.614
  0.608
  0.602
  0.000
  1.771
  1.753
  2.315
  1.147
  1.703
  1.125
  1.114
  1.104
  1.640
  1.624
  1.073
  1.063
  2.106
  0.000
  0.517
  0.512
  1.523
  2.012
  0.499
  1.482
  0.490
  3.398
  0.962
  0.000
  1.891
  1.406
  1.394
  2.763
  0.913
  1.358
  1.347
  0.890
  0.441
  2.626
  0.434
  0.430
  0.853
  0.000
  1.679
  0.000
  0.826
  0.819
  1.219
  0.000
  1.599
  0.397
  0.000
  1.171
  1.161
  0.768
  1.143
  0.378
  0.9487195E+02  0.9487195E+02
  0.000
  0.000
  0.000
  0.000
  0.000
  0.000
  0.000
  0.000
  0.000
  0.000
  0.000
  0.000
  0.000
  0.000
  0.000
  0.000
 90.635
161.150
 72.102
  0.000
  0.000
  0.000
  0.000
  0.000
  0.000
  0.000
  0.000
 65.270
 60.770
 56.720
  0.000
  0.000
  0.000
  0.000
  0.000
  0.000
  0.000
  0.000
  0.000
  0.000
  0.000
  0.000
  0.000
  0.000
  0.000
  0.000
  0.000
  0.000
  0.000
  0.000
  0.000
  0.000
  0.000
  0.000
  0.000
  0.000
  0.000
  0.000
  0.000
  0.000
  0.000
  0.000
  0.000
  0.000
  0.000
  0.000
  0.000
  0.000
  0.000
  0.000
  0.000
  0.000
  0.000
  0.000
  0.000
  0.000
  0.000
  0.000
  0.000
  0.000
  0.000
  0.000
  0.000
  0.000
  0.000
  0.000
  0.000
  0.000
  0.000
  0.000
  0.000
  0.000
  0.000
  0.000
  0.000
  0.000
  0.000
  0.000
  0.000
  0.000
  0.000
  0.000
  0.000
  0.000
  0.000
  0.000
  0.000
  0.000
  0.000
  0.000
  0.000
  0.000
  0.000
  0.000
  0.000
  0.000
  0.000
  0.000
  0.000
  0.000
  0.000
  0.000
  0.000
  0.000
  0.000
  0.000
  0.000
  0.000
  2.990
  0.000
  0.000
  0.000
  0.000
  1.385
  0.000
  2.689
  0.000
  1.306
  1.287
  0.000
  1.250
  1.233
  2.431
  0.000
  0.000
  2.332
  1.150
  1.135
  0.000
  1.104
  2.179
  1.075
  3.184
  3.143
  0.000
  1.021
  2.016
  0.995
  0.000
  2.911
  2.875
  0.946
  0.935
  0.923
  0.912
  1.802
  0.000
  0.880
  0.869
  2.577
  0.000
  1.678
  0.000
  2.460
  0.000
  2.404
  0.000
  0.000
  0.775
  0.766
  0.000
  0.000
  0.741
  0.733
  0.725
  0.000
  0.710
  0.000
  0.000
  0.000
  0.000
  0.673
  0.000
  0.000
  1.305
  0.000
  0.000
  0.633
  1.879
  0.620
  0.000
  1.216
  0.000
  0.596
  1.180
  1.753
  2.315
  1.147
  1.703
  1.687
  1.671
  1.104
  1.093
  1.083
  1.609
  1.063
  0.527
  1.565
  1.034
  0.512
  2.031
  0.503
  0.499
  1.482
  0.979
  2.427
  1.924
  0.477
  1.418
  1.875
  0.929
  1.842
  1.826
  1.358
  1.347
  1.335
  0.441
  2.188
  0.434
  0.430
  0.853
  0.846
  0.420
  0.833
  0.413
  0.819
  1.219
  0.403
  0.799
  0.793
  0.000
  0.390
  1.549
  1.152
  0.381
  1.134
  0.1652272E+03  0.1652272E+03
  0.000
  0.000
  0.000
  0.000
  0.000
  0.000
  0.000
  0.000
  0.000
  0.000
  0.000
  0.000
  0.000
  0.000
  0.000
  0.000
  0.000
322.300
  0.000
  0.000
  0.000
  0.000
  0.000
  0.000
  0.000
  0.000
  0.000
 65.270
 60.770
 56.720
  0.000
  0.000
  0.000
  0.000
  0.000
  0.000
  0.000
  0.000
  0.000
  0.000
  0.000
  0.000
  0.000
  0.000
  0.000
  0.000
  0.000
  0.000
  0.000
  0.000
  0.000
  0.000
  0.000
  0.000
  0.000
  0.000
  0.000
  0.000
  0.000
  0.000
  0.000
  0.000
  0.000
  0.000
  0.000
  0.000
  0.000
  0.000
  0.000
  0.000
  0.000
  0.000
  0.000
  0.000
  0.000
  0.000
  0.000
  0.000
  0.000
  0.000
  0.000
  0.000
  0.000
  0.000
  0.000
  0.000
  0.000
  0.000
  0.000
  0.000
  0.000
  0.000
  0.000
  0.000
  0.000
  0.000
  0.000
  0.000
  0.000
  0.000
  0.000
  0.000
  0.000
  0.000
  0.000
  0.000
  0.000
  0.000
  0.000
  0.000
  0.000
  0.000
  0.000
  0.000
  0.000
  0.000
  0.000
  0.000
  0.000
  0.000
  0.000
  0.000
  0.000
  0.000
  0.000
  0.000
  0.000
  1.518
  0.000
  1.472
  0.000
  0.000
  0.000
  0.000
  1.364
  2.689
  0.000
  0.000
  2.573
  0.000
  2.501
  0.000
  1.216
  1.199
  0.000
  1.166
  3.450
  0.000
  0.000
  1.104
  2.179
  1.075
  3.184
  2.095
  1.034
  0.000
  4.031
  0.000
  0.983
  2.911
  1.916
  0.946
  0.935
  1.847
  0.000
  1.802
  0.000
  0.000
  1.739
  1.718
  0.849
  0.839
  1.659
  1.640
  0.811
  1.603
  0.000
  0.783
  0.775
  0.000
  0.000
  0.000
  1.482
  0.733
  0.000
  0.000
  0.710
  0.000
  0.000
  0.000
  0.000
  0.000
  0.666
  0.000
  0.652
  0.646
  0.000
  0.000
  1.879
  1.240
  0.000
  1.216
  0.000
  0.596
  0.590
  2.922
  1.737
  1.147
  1.703
  2.250
  0.557
  1.104
  1.640
  1.624
  1.073
  1.063
  0.527
  1.565
  0.000
  1.537
  0.000
  2.515
  0.997
  0.988
  1.469
  1.942
  1.924
  0.477
  1.418
  1.406
  1.394
  0.921
  4.110
  0.453
  1.347
  0.890
  1.324
  0.875
  0.868
  1.291
  0.000
  0.846
  0.420
  1.249
  0.413
  0.819
  0.812
  0.403
  1.199
  0.397
  0.000
  0.780
  0.774
  1.536
  0.762
  0.756
