   1   5   1   0  0.2118819E+03  0.5000000E+02
  CAR 
 unknown system                          
   0   0   0
   1   1
 256 256 256
 256
  0.1000000E-09
  0.6250000E-11
  10
  0.2000000E-14  0.1022071E-08  0.1009081E-08  0.1027544E-08
  0.4182381E+02  0.4182381E+02
  0.000
  0.000
  0.000
  0.000
  0.000
  0.000
  0.000
  0.000
  0.000
  0.000
  0.000
  0.000
  0.000
  0.000
  0.000
  0.000
  0.000
360.720
  0.000
  0.000
  0.000
  0.000
  0.000
  0.000
  0.000
  0.000
  0.000
  0.000
 34.007
158.704
  0.000
  0.000
  0.000
  0.000
  0.000
  0.000
  0.000
  0.000
  0.000
  0.000
  0.000
  0.000
  0.000
  0.000
  0.000
  0.000
  0.000
  0.000
  0.000
  0.000
  0.000
  0.000
  0.000
  0.000
  0.000
  0.000
  0.000
  0.000
  0.000
  0.000
  0.000
  0.000
  0.000
  0.000
  0.000
  0.000
  0.000
  0.000
  0.000
  0.000
  0.000
  0.000
  0.000
  0.000
  0.000
  0.000
  0.000
  0.000
  0.000
  0.000
  0.000
  0.000
  0.000
  0.000
  0.000
  0.000
  0.000
  0.000
  0.000
  0.000
  0.000
  0.000
  0.000
  0.000
  0.000
  0.000
  0.000
  0.000
  0.000
  0.000
  0.000
  0.000
  0.000
  0.000
  0.000
  0.000
  0.000
  0.000
  0.000
  0.000
  0.000
  0.000
  0.000
  0.000
  0.000
  0.000
  0.000
  0.000
  0.000
  0.000
  0.000
  0.000
  0.000
  0.000
  0.000
  0.000
  0.000
  0.000
  0.000
  0.000
  0.000
  0.000
  0.000
  0.000
  0.000
  1.505
  1.483
  0.000
  2.880
  0.000
  0.000
  1.380
  0.000
  1.342
  0.000
  2.610
  0.000
  0.000
  0.000
  3.708
  2.439
  0.000
  3.564
  0.000
  3.472
  1.142
  0.000
  0.000
  0.000
  1.086
  2.145
  1.059
  1.046
  1.033
  3.063
  4.034
  0.996
  0.985
  1.946
  1.923
  1.901
  0.939
  0.928
  0.918
  0.907
  0.000
  0.000
  1.754
  1.734
  0.857
  0.848
  1.677
  0.829
  0.000
  0.000
  0.000
  1.588
  1.572
  0.000
  0.000
  0.761
  0.000
  0.000
  0.738
  0.000
  0.000
  0.000
  0.000
  0.000
  0.000
  0.000
  0.680
  0.674
  0.667
  0.661
  0.654
  1.296
  0.000
  0.000
  0.629
  0.623
  0.618
  1.224
  2.424
  3.002
  1.190
  0.589
  0.584
  1.157
  2.293
  1.136
  1.126
  1.674
  1.106
  0.000
  2.173
  1.615
  3.203
  0.529
  0.524
  1.560
  1.546
  1.533
  0.507
  1.005
  0.498
  1.482
  1.959
  0.971
  1.926
  0.955
  1.421
  2.819
  0.466
  1.386
  0.000
  2.273
  0.451
  0.000
  1.775
  0.880
  0.000
  1.733
  2.149
  0.000
  0.000
  0.5917675E+02  0.5917675E+02
  0.000
  0.000
  0.000
  0.000
  0.000
  0.000
  0.000
  0.000
  0.000
  0.000
  0.000
  0.000
  0.000
  0.000
  0.000
  0.000
  0.000
360.720
  0.000
  0.000
  0.000
  0.000
  0.000
  0.000
  0.000
  0.000
  0.000
  0.000
170.036
 31.741
  0.000
  0.000
  0.000
  0.000
  0.000
  0.000
  0.000
  0.000
  0.000
  0.000
  0.000
  0.000
  0.000
  0.000
  0.000
  0.000
  0.000
  0.000
  0.000
  0.000
  0.000
  0.000
  0.000
  0.000
  0.000
  0.000
  0.000
  0.000
  0.000
  0.000
  0.000
  0.000
  0.000
  0.000
  0.000
  0.000
  0.000
  0.000
  0.000
  0.000
  0.000
  0.000
  0.000
  0.000
  0.000
  0.000
  0.000
  0.000
  0.000
  0.000
  0.000
  0.000
  0.000
  0.000
  0.000
  0.000
  0.000
  0.000
  0.000
  0.000
  0.000
  0.000
  0.000
  0.000
  0.000
  0.000
  0.000
  0.000
  0.000
  0.000
  0.000
  0.000
  0.000
  0.000
  0.000
  0.000
  0.000
  0.000
  0.000
  0.000
  0.000
  0.000
  0.000
  0.000
  0.000
  0.000
  0.000
  0.000
  0.000
  0.000
  0.000
  0.000
  0.000
  0.000
  0.000
  0.000
  0.000
  0.000
  0.000
  0.000
  0.000
  0.000
  0.000
  0.000
  0.000
  1.505
  1.483
  0.000
  2.880
  0.000
  0.000
  1.380
  0.000
  1.342
  0.000
  1.305
  1.287
  0.000
  0.000
  2.472
  2.439
  1.204
  2.376
  2.345
  2.315
  0.000
  1.128
  0.000
  0.000
  1.086
  2.145
  1.059
  1.046
  1.033
  3.063
  4.034
  0.996
  1.969
  1.946
  0.962
  1.901
  0.939
  0.928
  0.918
  0.907
  0.000
  0.000
  1.754
  0.867
  2.572
  0.000
  2.516
  0.000
  0.000
  0.000
  0.803
  0.794
  1.572
  0.000
  0.769
  0.000
  0.000
  0.000
  0.738
  0.000
  0.000
  0.000
  0.000
  0.000
  0.000
  0.000
  0.680
  0.000
  1.334
  0.661
  0.654
  1.296
  0.000
  0.000
  0.000
  1.247
  0.618
  1.224
  2.424
  2.402
  1.785
  0.589
  0.584
  1.157
  1.720
  1.705
  1.126
  2.232
  0.553
  0.000
  1.630
  2.154
  2.669
  1.587
  0.000
  2.080
  0.515
  1.533
  1.013
  1.005
  0.996
  1.482
  1.959
  0.971
  1.926
  0.000
  1.895
  2.819
  0.466
  1.386
  0.917
  1.364
  0.451
  0.447
  1.331
  0.880
  0.437
  0.867
  2.579
  0.000
  0.000
  0.5283722E+02  0.5283722E+02
  0.000
  0.000
  0.000
  0.000
  0.000
  0.000
  0.000
  0.000
  0.000
  0.000
  0.000
  0.000
  0.000
  0.000
  0.000
  0.000
  0.000
360.720
  0.000
  0.000
  0.000
  0.000
  0.000
  0.000
  0.000
  0.000
  0.000
 36.525
102.021
 63.482
  0.000
  0.000
  0.000
  0.000
  0.000
  0.000
  0.000
  0.000
  0.000
  0.000
  0.000
  0.000
  0.000
  0.000
  0.000
  0.000
  0.000
  0.000
  0.000
  0.000
  0.000
  0.000
  0.000
  0.000
  0.000
  0.000
  0.000
  0.000
  0.000
  0.000
  0.000
  0.000
  0.000
  0.000
  0.000
  0.000
  0.000
  0.000
  0.000
  0.000
  0.000
  0.000
  0.000
  0.000
  0.000
  0.000
  0.000
  0.000
  0.000
  0.000
  0.000
  0.000
  0.000
  0.000
  0.000
  0.000
  0.000
  0.000
  0.000
  0.000
  0.000
  0.000
  0.000
  0.000
  0.000
  0.000
  0.000
  0.000
  0.000
  0.000
  0.000
  0.000
  0.000
  0.000
  0.000
  0.000
  0.000
  0.000
  0.000
  0.000
  0.000
  0.000
  0.000
  0.000
  0.000
  0.000
  0.000
  0.000
  0.000
  0.000
  0.000
  0.000
  0.000
  0.000
  0.000
  0.000
  0.000
  0.000
  0.000
  0.000
  0.000
  0.000
  0.000
  0.000
  0.000
  1.505
  1.483
  0.000
  1.440
  1.420
  0.000
  0.000
  1.360
  1.342
  0.000
  0.000
  2.574
  0.000
  0.000
  2.472
  3.659
  0.000
  4.751
  0.000
  2.315
  0.000
  1.128
  0.000
  0.000
  1.086
  2.145
  1.059
  1.046
  2.067
  1.021
  5.043
  0.996
  1.969
  1.946
  0.962
  1.901
  0.939
  1.857
  0.000
  0.907
  0.000
  0.000
  1.754
  0.867
  1.715
  1.696
  1.677
  0.000
  0.000
  0.000
  1.606
  0.794
  0.786
  0.000
  0.769
  0.000
  0.000
  0.000
  0.738
  0.000
  0.000
  0.000
  0.000
  0.000
  0.000
  0.000
  0.000
  0.674
  1.334
  0.000
  1.962
  0.000
  0.642
  0.000
  1.259
  0.000
  0.618
  0.612
  1.818
  4.203
  0.000
  1.768
  0.584
  1.157
  1.720
  1.136
  1.689
  1.116
  1.659
  0.548
  1.087
  2.154
  1.601
  2.116
  1.049
  1.560
  1.031
  0.511
  1.520
  1.005
  0.498
  2.963
  0.490
  1.457
  1.445
  1.433
  0.947
  2.819
  0.932
  0.924
  0.917
  1.364
  0.451
  0.895
  1.331
  0.440
  0.873
  1.300
  1.290
  0.427
  0.000
  0.3848977E+02  0.3848977E+02
  0.000
  0.000
  0.000
  0.000
  0.000
  0.000
  0.000
  0.000
  0.000
  0.000
  0.000
  0.000
  0.000
  0.000
  0.000
  0.000
  0.000
270.540
 80.697
  0.000
  0.000
  0.000
  0.000
  0.000
  0.000
  0.000
  0.000
 36.525
102.021
 63.482
  0.000
  0.000
  0.000
  0.000
  0.000
  0.000
  0.000
  0.000
  0.000
  0.000
  0.000
  0.000
  0.000
  0.000
  0.000
  0.000
  0.000
  0.000
  0.000
  0.000
  0.000
  0.000
  0.000
  0.000
  0.000
  0.000
  0.000
  0.000
  0.000
  0.000
  0.000
  0.000
  0.000
  0.000
  0.000
  0.000
  0.000
  0.000
  0.000
  0.000
  0.000
  0.000
  0.000
  0.000
  0.000
  0.000
  0.000
  0.000
  0.000
  0.000
  0.000
  0.000
  0.000
  0.000
  0.000
  0.000
  0.000
  0.000
  0.000
  0.000
  0.000
  0.000
  0.000
  0.000
  0.000
  0.000
  0.000
  0.000
  0.000
  0.000
  0.000
  0.000
  0.000
  0.000
  0.000
  0.000
  0.000
  0.000
  0.000
  0.000
  0.000
  0.000
  0.000
  0.000
  0.000
  0.000
  0.000
  0.000
  0.000
  0.000
  0.000
  0.000
  0.000
  0.000
  0.000
  0.000
  0.000
  0.000
  0.000
  0.000
  0.000
  0.000
  0.000
  0.000
  0.000
  1.505
  1.483
  0.000
  1.440
  1.420
  0.000
  0.000
  1.360
  1.342
  0.000
  1.305
  1.287
  0.000
  0.000
  2.472
  2.439
  1.204
  4.751
  0.000
  2.315
  0.000
  1.128
  0.000
  0.000
  1.086
  2.145
  0.000
  2.092
  2.067
  1.021
  5.043
  0.996
  1.969
  1.946
  1.923
  0.950
  0.939
  0.928
  0.918
  0.907
  0.000
  0.000
  1.754
  0.867
  0.000
  3.392
  1.677
  0.000
  0.000
  0.000
  0.803
  1.588
  0.786
  0.777
  0.000
  0.000
  0.000
  0.000
  0.738
  0.000
  0.000
  0.000
  0.000
  0.000
  0.000
  0.000
  0.000
  0.674
  1.334
  0.000
  1.962
  0.000
  0.642
  0.000
  0.629
  0.623
  0.618
  0.612
  1.818
  4.203
  0.000
  1.768
  0.584
  1.157
  1.720
  0.568
  2.252
  1.674
  1.106
  0.548
  0.000
  3.231
  1.601
  1.587
  2.098
  1.560
  0.515
  0.511
  1.520
  1.005
  0.000
  3.457
  0.490
  1.457
  1.926
  0.955
  1.421
  2.349
  0.932
  1.386
  0.917
  0.909
  0.000
  1.342
  0.888
  1.321
  0.437
  1.300
  1.290
  0.427
  0.000
  0.5105918E+02  0.5105918E+02
  0.000
  0.000
  0.000
  0.000
  0.000
  0.000
  0.000
  0.000
  0.000
  0.000
  0.000
  0.000
  0.000
  0.000
  0.000
  0.000
  0.000
360.720
  0.000
  0.000
  0.000
  0.000
  0.000
  0.000
  0.000
  0.000
  0.000
 36.525
102.021
 63.482
  0.000
  0.000
  0.000
  0.000
  0.000
  0.000
  0.000
  0.000
  0.000
  0.000
  0.000
  0.000
  0.000
  0.000
  0.000
  0.000
  0.000
  0.000
  0.000
  0.000
  0.000
  0.000
  0.000
  0.000
  0.000
  0.000
  0.000
  0.000
  0.000
  0.000
  0.000
  0.000
  0.000
  0.000
  0.000
  0.000
  0.000
  0.000
  0.000
  0.000
  0.000
  0.000
  0.000
  0.000
  0.000
  0.000
  0.000
  0.000
  0.000
  0.000
  0.000
  0.000
  0.000
  0.000
  0.000
  0.000
  0.000
  0.000
  0.000
  0.000
  0.000
  0.000
  0.000
  0.000
  0.000
  0.000
  0.000
  0.000
  0.000
  0.000
  0.000
  0.000
  0.000
  0.000
  0.000
  0.000
  0.000
  0.000
  0.000
  0.000
  0.000
  0.000
  0.000
  0.000
  0.000
  0.000
  0.000
  0.000
  0.000
  0.000
  0.000
  0.000
  0.000
  0.000
  0.000
  0.000
  0.000
  0.000
  0.000
  0.000
  0.000
  0.000
  0.000
  0.000
  0.000
  1.505
  1.483
  1.461
  0.000
  1.420
  0.000
  0.000
  1.360
  1.342
  0.000
  1.305
  1.287
  0.000
  1.253
  1.236
  0.000
  3.611
  4.751
  2.345
  0.000
  0.000
  1.128
  0.000
  0.000
  1.086
  2.145
  0.000
  2.092
  2.067
  1.021
  5.043
  1.993
  0.985
  0.973
  2.885
  0.950
  0.939
  0.928
  0.918
  0.907
  0.000
  0.000
  1.754
  0.867
  0.857
  3.392
  0.839
  0.000
  0.000
  0.000
  0.803
  1.588
  0.786
  0.777
  0.000
  0.000
  0.000
  0.000
  0.738
  0.000
  0.000
  0.000
  0.000
  0.000
  0.000
  0.000
  0.680
  0.000
  1.334
  0.000
  1.962
  0.000
  0.642
  0.000
  0.000
  1.247
  0.618
  0.612
  3.636
  2.402
  0.595
  0.000
  1.168
  2.315
  1.147
  1.136
  1.689
  1.674
  1.106
  0.000
  0.543
  3.231
  2.135
  0.529
  2.622
  2.080
  0.000
  0.000
  2.533
  0.502
  0.000
  2.963
  1.469
  0.486
  2.408
  0.955
  1.895
  1.409
  1.398
  1.386
  0.458
  1.364
  0.451
  0.447
  1.331
  1.321
  0.437
  0.867
  1.720
  0.427
  0.000
  0.5272147E+02  0.5272147E+02
  0.000
  0.000
  0.000
  0.000
  0.000
  0.000
  0.000
  0.000
  0.000
  0.000
  0.000
  0.000
  0.000
  0.000
  0.000
  0.000
  0.000
360.720
  0.000
  0.000
  0.000
  0.000
  0.000
  0.000
  0.000
  0.000
  0.000
 36.525
102.021
 63.482
  0.000
  0.000
  0.000
  0.000
  0.000
  0.000
  0.000
  0.000
  0.000
  0.000
  0.000
  0.000
  0.000
  0.000
  0.000
  0.000
  0.000
  0.000
  0.000
  0.000
  0.000
  0.000
  0.000
  0.000
  0.000
  0.000
  0.000
  0.000
  0.000
  0.000
  0.000
  0.000
  0.000
  0.000
  0.000
  0.000
  0.000
  0.000
  0.000
  0.000
  0.000
  0.000
  0.000
  0.000
  0.000
  0.000
  0.000
  0.000
  0.000
  0.000
  0.000
  0.000
  0.000
  0.000
  0.000
  0.000
  0.000
  0.000
  0.000
  0.000
  0.000
  0.000
  0.000
  0.000
  0.000
  0.000
  0.000
  0.000
  0.000
  0.000
  0.000
  0.000
  0.000
  0.000
  0.000
  0.000
  0.000
  0.000
  0.000
  0.000
  0.000
  0.000
  0.000
  0.000
  0.000
  0.000
  0.000
  0.000
  0.000
  0.000
  0.000
  0.000
  0.000
  0.000
  0.000
  0.000
  0.000
  0.000
  0.000
  0.000
  0.000
  0.000
  0.000
  0.000
  0.000
  0.000
  2.965
  1.461
  0.000
  1.420
  0.000
  0.000
  1.360
  1.342
  0.000
  1.305
  1.287
  0.000
  1.253
  1.236
  0.000
  3.611
  3.564
  3.517
  0.000
  0.000
  1.128
  0.000
  0.000
  1.086
  2.145
  0.000
  3.138
  1.033
  1.021
  5.043
  1.993
  0.000
  1.946
  2.885
  0.950
  0.000
  1.857
  0.918
  0.907
  0.000
  0.000
  1.754
  0.867
  2.572
  1.696
  0.839
  0.000
  0.000
  0.000
  0.803
  1.588
  0.786
  0.000
  0.769
  0.000
  0.000
  0.745
  0.000
  0.000
  0.000
  0.000
  0.000
  0.000
  0.000
  0.000
  0.680
  0.000
  1.334
  0.661
  1.308
  0.000
  0.000
  0.635
  0.000
  0.623
  1.235
  0.612
  4.848
  1.201
  0.595
  0.000
  1.168
  2.315
  1.147
  1.136
  1.689
  1.674
  1.106
  0.000
  1.087
  2.154
  3.203
  0.000
  2.098
  2.600
  0.000
  0.000
  2.533
  0.502
  0.498
  2.470
  1.469
  0.000
  2.890
  0.955
  1.895
  1.409
  0.932
  1.848
  0.458
  1.364
  0.902
  0.000
  0.888
  1.761
  0.437
  1.300
  1.290
  0.427
  0.000
  0.5719777E+02  0.5719777E+02
  0.000
  0.000
  0.000
  0.000
  0.000
  0.000
  0.000
  0.000
  0.000
  0.000
  0.000
  0.000
  0.000
  0.000
  0.000
  0.000
  0.000
360.720
  0.000
  0.000
  0.000
  0.000
  0.000
  0.000
  0.000
  0.000
  0.000
 36.525
102.021
 63.482
  0.000
  0.000
  0.000
  0.000
  0.000
  0.000
  0.000
  0.000
  0.000
  0.000
  0.000
  0.000
  0.000
  0.000
  0.000
  0.000
  0.000
  0.000
  0.000
  0.000
  0.000
  0.000
  0.000
  0.000
  0.000
  0.000
  0.000
  0.000
  0.000
  0.000
  0.000
  0.000
  0.000
  0.000
  0.000
  0.000
  0.000
  0.000
  0.000
  0.000
  0.000
  0.000
  0.000
  0.000
  0.000
  0.000
  0.000
  0.000
  0.000
  0.000
  0.000
  0.000
  0.000
  0.000
  0.000
  0.000
  0.000
  0.000
  0.000
  0.000
  0.000
  0.000
  0.000
  0.000
  0.000
  0.000
  0.000
  0.000
  0.000
  0.000
  0.000
  0.000
  0.000
  0.000
  0.000
  0.000
  0.000
  0.000
  0.000
  0.000
  0.000
  0.000
  0.000
  0.000
  0.000
  0.000
  0.000
  0.000
  0.000
  0.000
  0.000
  0.000
  0.000
  0.000
  0.000
  0.000
  0.000
  0.000
  0.000
  0.000
  0.000
  0.000
  0.000
  0.000
  0.000
  0.000
  2.965
  0.000
  1.440
  1.420
  0.000
  0.000
  0.000
  2.683
  0.000
  0.000
  2.574
  0.000
  0.000
  1.236
  1.220
  6.018
  0.000
  4.690
  0.000
  0.000
  1.128
  0.000
  0.000
  1.086
  2.145
  1.059
  2.092
  1.033
  1.021
  5.043
  1.993
  0.000
  1.946
  2.885
  0.950
  0.000
  1.857
  0.918
  0.000
  0.897
  0.000
  1.754
  0.867
  2.572
  2.544
  0.000
  0.000
  0.000
  0.000
  0.803
  1.588
  0.786
  0.777
  0.000
  0.000
  0.000
  0.745
  0.000
  0.000
  0.000
  0.000
  0.000
  0.000
  0.000
  0.000
  0.000
  0.674
  1.334
  0.000
  1.962
  0.000
  0.000
  0.635
  0.000
  0.623
  0.618
  1.224
  3.030
  3.002
  0.000
  1.179
  0.584
  1.736
  1.720
  1.705
  0.000
  2.790
  0.553
  0.548
  1.087
  2.154
  2.135
  1.058
  2.098
  2.600
  0.000
  1.022
  1.520
  0.502
  1.494
  0.988
  0.980
  1.943
  1.926
  1.433
  1.421
  1.879
  0.466
  1.848
  0.458
  1.364
  0.451
  0.895
  0.444
  1.321
  1.747
  0.433
  1.290
  0.427
  0.000
  0.8378558E+02  0.8378558E+02
  0.000
  0.000
  0.000
  0.000
  0.000
  0.000
  0.000
  0.000
  0.000
  0.000
  0.000
  0.000
  0.000
  0.000
  0.000
  0.000
  0.000
270.540
 80.697
  0.000
  0.000
  0.000
  0.000
  0.000
  0.000
  0.000
  0.000
 36.525
102.021
 63.482
  0.000
  0.000
  0.000
  0.000
  0.000
  0.000
  0.000
  0.000
  0.000
  0.000
  0.000
  0.000
  0.000
  0.000
  0.000
  0.000
  0.000
  0.000
  0.000
  0.000
  0.000
  0.000
  0.000
  0.000
  0.000
  0.000
  0.000
  0.000
  0.000
  0.000
  0.000
  0.000
  0.000
  0.000
  0.000
  0.000
  0.000
  0.000
  0.000
  0.000
  0.000
  0.000
  0.000
  0.000
  0.000
  0.000
  0.000
  0.000
  0.000
  0.000
  0.000
  0.000
  0.000
  0.000
  0.000
  0.000
  0.000
  0.000
  0.000
  0.000
  0.000
  0.000
  0.000
  0.000
  0.000
  0.000
  0.000
  0.000
  0.000
  0.000
  0.000
  0.000
  0.000
  0.000
  0.000
  0.000
  0.000
  0.000
  0.000
  0.000
  0.000
  0.000
  0.000
  0.000
  0.000
  0.000
  0.000
  0.000
  0.000
  0.000
  0.000
  0.000
  0.000
  0.000
  0.000
  0.000
  0.000
  0.000
  0.000
  0.000
  0.000
  0.000
  0.000
  0.000
  0.000
  3.009
  0.000
  0.000
  1.440
  1.420
  0.000
  0.000
  1.360
  1.342
  0.000
  0.000
  2.574
  0.000
  0.000
  1.236
  1.220
  6.018
  1.188
  3.517
  0.000
  0.000
  1.128
  0.000
  0.000
  1.086
  2.145
  1.059
  2.092
  0.000
  3.063
  3.026
  2.989
  0.000
  1.946
  2.885
  0.950
  0.000
  0.928
  1.835
  0.000
  0.000
  1.774
  0.877
  0.867
  2.572
  1.696
  0.839
  0.000
  0.000
  0.000
  0.803
  1.588
  0.000
  1.555
  0.000
  0.000
  0.000
  0.745
  0.000
  0.000
  0.000
  0.000
  0.000
  0.000
  0.000
  0.000
  0.000
  0.674
  1.334
  0.661
  1.308
  0.000
  0.000
  0.635
  0.629
  0.000
  0.000
  3.059
  4.242
  0.600
  0.000
  1.179
  1.168
  1.736
  1.147
  1.705
  0.000
  2.790
  0.000
  1.096
  2.173
  1.615
  1.068
  2.116
  1.573
  2.600
  0.000
  1.533
  1.013
  0.000
  0.996
  1.482
  1.469
  2.428
  0.963
  1.910
  1.895
  0.940
  1.398
  1.386
  0.458
  1.364
  0.451
  0.447
  0.888
  1.321
  1.747
  0.433
  0.430
  1.280
  0.000
  0.1132689E+03  0.1132689E+03
  0.000
  0.000
  0.000
  0.000
  0.000
  0.000
  0.000
  0.000
  0.000
  0.000
  0.000
  0.000
  0.000
  0.000
  0.000
  0.000
  0.000
270.540
 80.697
  0.000
  0.000
  0.000
  0.000
  0.000
  0.000
  0.000
  0.000
  0.000
170.036
 31.741
  0.000
  0.000
  0.000
  0.000
  0.000
  0.000
  0.000
  0.000
  0.000
  0.000
  0.000
  0.000
  0.000
  0.000
  0.000
  0.000
  0.000
  0.000
  0.000
  0.000
  0.000
  0.000
  0.000
  0.000
  0.000
  0.000
  0.000
  0.000
  0.000
  0.000
  0.000
  0.000
  0.000
  0.000
  0.000
  0.000
  0.000
  0.000
  0.000
  0.000
  0.000
  0.000
  0.000
  0.000
  0.000
  0.000
  0.000
  0.000
  0.000
  0.000
  0.000
  0.000
  0.000
  0.000
  0.000
  0.000
  0.000
  0.000
  0.000
  0.000
  0.000
  0.000
  0.000
  0.000
  0.000
  0.000
  0.000
  0.000
  0.000
  0.000
  0.000
  0.000
  0.000
  0.000
  0.000
  0.000
  0.000
  0.000
  0.000
  0.000
  0.000
  0.000
  0.000
  0.000
  0.000
  0.000
  0.000
  0.000
  0.000
  0.000
  0.000
  0.000
  0.000
  0.000
  0.000
  0.000
  0.000
  0.000
  0.000
  0.000
  0.000
  0.000
  0.000
  0.000
  0.000
  3.009
  0.000
  0.000
  2.880
  0.000
  0.000
  0.000
  1.360
  1.342
  0.000
  1.305
  1.287
  0.000
  0.000
  2.472
  1.220
  4.814
  1.188
  2.345
  1.157
  1.142
  0.000
  0.000
  1.100
  0.000
  2.145
  2.118
  0.000
  1.033
  4.083
  3.026
  0.996
  1.969
  1.946
  0.000
  2.851
  0.000
  1.857
  0.918
  0.000
  0.897
  0.000
  1.754
  0.867
  0.857
  3.392
  0.839
  0.000
  0.000
  0.000
  0.803
  1.588
  0.000
  0.777
  0.769
  0.000
  0.000
  0.000
  0.738
  0.000
  0.000
  0.000
  0.000
  0.000
  0.000
  0.000
  0.680
  0.000
  1.334
  0.661
  0.654
  1.296
  0.000
  0.000
  0.629
  0.000
  0.618
  2.447
  3.636
  0.600
  1.190
  0.000
  1.752
  2.315
  0.573
  1.705
  0.563
  2.232
  0.553
  0.548
  1.630
  1.615
  1.601
  2.116
  2.622
  0.520
  1.546
  1.533
  0.507
  0.502
  0.000
  1.482
  2.449
  1.943
  0.963
  1.910
  1.421
  0.940
  2.795
  0.462
  0.458
  0.909
  0.451
  0.895
  0.888
  1.761
  0.873
  0.867
  0.860
  0.427
  0.423
  0.6398218E+02  0.6398218E+02
  0.000
  0.000
  0.000
  0.000
  0.000
  0.000
  0.000
  0.000
  0.000
  0.000
  0.000
  0.000
  0.000
  0.000
  0.000
  0.000
  0.000
270.540
 80.697
  0.000
  0.000
  0.000
  0.000
  0.000
  0.000
  0.000
  0.000
 36.525
 68.014
 95.223
  0.000
  0.000
  0.000
  0.000
  0.000
  0.000
  0.000
  0.000
  0.000
  0.000
  0.000
  0.000
  0.000
  0.000
  0.000
  0.000
  0.000
  0.000
  0.000
  0.000
  0.000
  0.000
  0.000
  0.000
  0.000
  0.000
  0.000
  0.000
  0.000
  0.000
  0.000
  0.000
  0.000
  0.000
  0.000
  0.000
  0.000
  0.000
  0.000
  0.000
  0.000
  0.000
  0.000
  0.000
  0.000
  0.000
  0.000
  0.000
  0.000
  0.000
  0.000
  0.000
  0.000
  0.000
  0.000
  0.000
  0.000
  0.000
  0.000
  0.000
  0.000
  0.000
  0.000
  0.000
  0.000
  0.000
  0.000
  0.000
  0.000
  0.000
  0.000
  0.000
  0.000
  0.000
  0.000
  0.000
  0.000
  0.000
  0.000
  0.000
  0.000
  0.000
  0.000
  0.000
  0.000
  0.000
  0.000
  0.000
  0.000
  0.000
  0.000
  0.000
  0.000
  0.000
  0.000
  0.000
  0.000
  0.000
  0.000
  0.000
  0.000
  0.000
  0.000
  0.000
  0.000
  1.505
  1.483
  0.000
  2.880
  0.000
  0.000
  1.380
  0.000
  0.000
  1.323
  1.305
  1.287
  0.000
  0.000
  2.472
  1.220
  4.814
  1.188
  1.172
  2.315
  1.142
  0.000
  0.000
  1.100
  0.000
  3.217
  1.059
  0.000
  2.067
  2.042
  3.026
  1.993
  1.969
  1.946
  0.000
  1.901
  0.939
  0.928
  1.835
  0.000
  0.897
  0.000
  2.630
  0.000
  2.572
  0.848
  1.677
  0.000
  0.000
  0.812
  0.803
  0.000
  1.572
  0.000
  0.769
  0.000
  0.000
  0.745
  0.000
  0.000
  0.000
  0.000
  0.000
  0.000
  0.000
  0.000
  0.000
  0.674
  0.667
  1.982
  0.000
  0.648
  0.642
  0.000
  0.000
  0.623
  1.235
  0.612
  4.848
  0.600
  1.190
  0.589
  1.168
  1.157
  1.720
  1.136
  1.689
  1.674
  0.553
  1.096
  1.087
  1.077
  2.135
  2.116
  2.098
  1.040
  1.546
  1.533
  0.507
  0.502
  0.000
  0.494
  3.428
  1.943
  0.963
  1.910
  1.421
  0.470
  3.261
  0.462
  0.458
  0.455
  0.902
  0.895
  0.888
  1.761
  1.310
  0.433
  0.860
  0.000
  1.270
