   1   5   1   0  0.1932126E+03  0.5000000E+02
  CAR 
 unknown system                          
   0   0   0
   1   1
 256 256 256
 256
  0.1000000E-09
  0.6250000E-11
  10
  0.2000000E-14  0.9990581E-09  0.9817939E-09  0.9854430E-09
  0.6116989E+02  0.6116989E+02
  0.000
  0.000
  0.000
  0.000
  0.000
  0.000
  0.000
  0.000
  0.000
  0.000
  0.000
  0.000
  0.000
  0.000
  0.000
  0.000
 92.501
246.702
  0.000
  0.000
  0.000
  0.000
  0.000
  0.000
  0.000
  0.000
  0.000
  0.000
186.064
  0.000
  0.000
  0.000
  0.000
  0.000
  0.000
  0.000
  0.000
  0.000
  0.000
  0.000
  0.000
  0.000
  0.000
  0.000
  0.000
  0.000
  0.000
  0.000
  0.000
  0.000
  0.000
  0.000
  0.000
  0.000
  0.000
  0.000
  0.000
  0.000
  0.000
  0.000
  0.000
  0.000
  0.000
  0.000
  0.000
  0.000
  0.000
  0.000
  0.000
  0.000
  0.000
  0.000
  0.000
  0.000
  0.000
  0.000
  0.000
  0.000
  0.000
  0.000
  0.000
  0.000
  0.000
  0.000
  0.000
  0.000
  0.000
  0.000
  0.000
  0.000
  0.000
  0.000
  0.000
  0.000
  0.000
  0.000
  0.000
  0.000
  0.000
  0.000
  0.000
  0.000
  0.000
  0.000
  0.000
  0.000
  0.000
  0.000
  0.000
  0.000
  0.000
  0.000
  0.000
  0.000
  0.000
  0.000
  0.000
  0.000
  0.000
  0.000
  0.000
  0.000
  0.000
  0.000
  0.000
  0.000
  0.000
  0.000
  0.000
  1.502
  0.000
  0.000
  1.435
  0.000
  1.393
  1.372
  0.000
  0.000
  1.313
  1.294
  0.000
  1.258
  2.481
  1.223
  1.206
  2.380
  0.000
  1.158
  3.427
  2.254
  0.000
  0.000
  1.083
  0.000
  0.000
  2.084
  1.029
  1.016
  3.008
  2.971
  2.934
  1.932
  0.954
  0.000
  0.000
  4.599
  0.909
  0.000
  0.887
  0.877
  0.867
  1.713
  3.386
  0.000
  0.827
  0.818
  0.000
  0.800
  0.000
  0.000
  0.000
  0.765
  1.513
  0.748
  0.000
  1.464
  0.000
  0.000
  0.000
  0.000
  0.000
  0.000
  0.000
  0.000
  0.666
  0.000
  0.652
  1.292
  0.000
  0.633
  0.000
  2.482
  0.000
  0.000
  0.000
  1.193
  2.954
  0.585
  1.159
  2.296
  2.274
  0.000
  0.558
  1.105
  2.738
  1.085
  1.075
  1.598
  2.638
  0.523
  0.000
  2.054
  1.527
  2.017
  0.000
  0.991
  2.455
  2.434
  0.965
  1.435
  0.000
  0.000
  1.398
  2.310
  2.290
  0.908
  0.450
  1.786
  0.886
  0.878
  0.871
  1.296
  0.857
  1.275
  0.421
  0.836
  0.415
  1.234
  0.816
  0.405
  0.401
  0.797
  0.395
  1.568
  0.389
  0.000
  0.1249236E+03  0.1249236E+03
  0.000
  0.000
  0.000
  0.000
  0.000
  0.000
  0.000
  0.000
  0.000
  0.000
  0.000
  0.000
  0.000
  0.000
  0.000
  0.000
  0.000
328.936
  0.000
  0.000
  0.000
  0.000
  0.000
  0.000
  0.000
  0.000
  0.000
  0.000
124.043
 57.888
  0.000
  0.000
  0.000
  0.000
  0.000
  0.000
  0.000
  0.000
  0.000
  0.000
  0.000
  0.000
  0.000
  0.000
  0.000
  0.000
  0.000
  0.000
  0.000
  0.000
  0.000
  0.000
  0.000
  0.000
  0.000
  0.000
  0.000
  0.000
  0.000
  0.000
  0.000
  0.000
  0.000
  0.000
  0.000
  0.000
  0.000
  0.000
  0.000
  0.000
  0.000
  0.000
  0.000
  0.000
  0.000
  0.000
  0.000
  0.000
  0.000
  0.000
  0.000
  0.000
  0.000
  0.000
  0.000
  0.000
  0.000
  0.000
  0.000
  0.000
  0.000
  0.000
  0.000
  0.000
  0.000
  0.000
  0.000
  0.000
  0.000
  0.000
  0.000
  0.000
  0.000
  0.000
  0.000
  0.000
  0.000
  0.000
  0.000
  0.000
  0.000
  0.000
  0.000
  0.000
  0.000
  0.000
  0.000
  0.000
  0.000
  0.000
  0.000
  0.000
  0.000
  0.000
  0.000
  0.000
  0.000
  0.000
  1.526
  0.000
  0.000
  0.000
  1.435
  1.413
  1.393
  0.000
  0.000
  0.000
  2.626
  0.000
  0.000
  1.258
  3.722
  0.000
  2.413
  1.190
  1.174
  1.158
  2.285
  2.254
  0.000
  0.000
  1.083
  0.000
  0.000
  3.125
  0.000
  1.016
  6.016
  0.000
  2.934
  0.966
  1.908
  0.000
  0.000
  3.679
  0.909
  0.898
  0.887
  0.877
  0.867
  1.713
  0.847
  2.511
  0.827
  0.000
  0.809
  0.800
  0.000
  0.000
  0.000
  0.765
  1.513
  0.748
  0.000
  0.000
  1.448
  0.000
  0.000
  0.000
  0.000
  0.000
  0.000
  0.673
  0.000
  0.000
  0.652
  1.292
  0.000
  0.633
  1.880
  0.620
  0.000
  0.000
  1.205
  2.386
  0.591
  1.170
  1.159
  2.296
  1.706
  0.000
  0.558
  1.105
  2.738
  1.085
  1.612
  1.598
  2.111
  0.523
  0.000
  2.054
  2.544
  0.504
  0.500
  1.486
  0.982
  3.407
  0.965
  1.435
  0.000
  0.000
  0.466
  2.772
  2.290
  0.908
  1.351
  1.340
  0.000
  1.757
  0.436
  1.296
  1.285
  0.425
  0.843
  0.836
  0.415
  0.411
  2.448
  0.405
  0.000
  0.797
  1.185
  0.784
  0.000
  0.386
  0.1646648E+03  0.1646648E+03
  0.000
  0.000
  0.000
  0.000
  0.000
  0.000
  0.000
  0.000
  0.000
  0.000
  0.000
  0.000
  0.000
  0.000
  0.000
  0.000
  0.000
164.468
147.172
  0.000
  0.000
  0.000
  0.000
  0.000
  0.000
  0.000
  0.000
  0.000
 62.021
 86.832
 27.077
  0.000
  0.000
  0.000
  0.000
  0.000
  0.000
  0.000
  0.000
  0.000
  0.000
  0.000
  0.000
  0.000
  0.000
  0.000
  0.000
  0.000
  0.000
  0.000
  0.000
  0.000
  0.000
  0.000
  0.000
  0.000
  0.000
  0.000
  0.000
  0.000
  0.000
  0.000
  0.000
  0.000
  0.000
  0.000
  0.000
  0.000
  0.000
  0.000
  0.000
  0.000
  0.000
  0.000
  0.000
  0.000
  0.000
  0.000
  0.000
  0.000
  0.000
  0.000
  0.000
  0.000
  0.000
  0.000
  0.000
  0.000
  0.000
  0.000
  0.000
  0.000
  0.000
  0.000
  0.000
  0.000
  0.000
  0.000
  0.000
  0.000
  0.000
  0.000
  0.000
  0.000
  0.000
  0.000
  0.000
  0.000
  0.000
  0.000
  0.000
  0.000
  0.000
  0.000
  0.000
  0.000
  0.000
  0.000
  0.000
  0.000
  0.000
  0.000
  0.000
  0.000
  0.000
  0.000
  0.000
  0.000
  1.526
  0.000
  0.000
  1.457
  0.000
  1.413
  1.393
  0.000
  0.000
  0.000
  1.313
  1.294
  0.000
  1.258
  2.481
  2.447
  1.206
  2.380
  1.174
  2.316
  1.142
  1.127
  0.000
  0.000
  1.083
  0.000
  0.000
  2.084
  1.029
  1.016
  5.014
  0.990
  1.956
  0.966
  1.908
  0.942
  0.000
  1.839
  2.726
  0.000
  0.887
  0.877
  0.867
  0.000
  3.386
  1.674
  1.655
  0.000
  0.809
  0.800
  0.000
  0.000
  0.000
  0.000
  1.513
  0.748
  0.740
  0.000
  0.724
  0.717
  0.000
  0.000
  0.000
  0.000
  0.680
  0.000
  0.000
  0.000
  1.957
  0.000
  0.000
  1.266
  1.253
  0.620
  0.000
  0.608
  1.807
  1.790
  0.000
  1.170
  1.159
  3.444
  0.569
  0.000
  0.558
  1.105
  2.738
  1.085
  2.150
  1.065
  1.583
  0.523
  1.036
  2.567
  1.018
  1.009
  0.500
  1.486
  0.982
  2.434
  0.965
  1.913
  0.474
  0.000
  0.000
  2.772
  2.749
  1.363
  0.901
  0.447
  0.886
  0.439
  1.742
  0.864
  1.713
  0.000
  1.264
  0.418
  0.415
  0.822
  1.632
  0.809
  0.803
  0.797
  1.185
  0.392
  0.000
  0.386
  0.1803119E+03  0.1803119E+03
  0.000
  0.000
  0.000
  0.000
  0.000
  0.000
  0.000
  0.000
  0.000
  0.000
  0.000
  0.000
  0.000
  0.000
  0.000
  0.000
  0.000
164.468
147.172
  0.000
  0.000
  0.000
  0.000
  0.000
  0.000
  0.000
  0.000
  0.000
124.043
 28.944
  0.000
 25.386
  0.000
  0.000
  0.000
  0.000
  0.000
  0.000
  0.000
  0.000
  0.000
  0.000
  0.000
  0.000
  0.000
  0.000
  0.000
  0.000
  0.000
  0.000
  0.000
  0.000
  0.000
  0.000
  0.000
  0.000
  0.000
  0.000
  0.000
  0.000
  0.000
  0.000
  0.000
  0.000
  0.000
  0.000
  0.000
  0.000
  0.000
  0.000
  0.000
  0.000
  0.000
  0.000
  0.000
  0.000
  0.000
  0.000
  0.000
  0.000
  0.000
  0.000
  0.000
  0.000
  0.000
  0.000
  0.000
  0.000
  0.000
  0.000
  0.000
  0.000
  0.000
  0.000
  0.000
  0.000
  0.000
  0.000
  0.000
  0.000
  0.000
  0.000
  0.000
  0.000
  0.000
  0.000
  0.000
  0.000
  0.000
  0.000
  0.000
  0.000
  0.000
  0.000
  0.000
  0.000
  0.000
  0.000
  0.000
  0.000
  0.000
  0.000
  0.000
  0.000
  0.000
  0.000
  0.000
  0.000
  1.526
  0.000
  0.000
  1.457
  0.000
  1.413
  1.393
  0.000
  0.000
  0.000
  0.000
  1.294
  1.276
  1.258
  1.241
  2.447
  1.206
  3.570
  2.347
  2.316
  0.000
  1.127
  0.000
  0.000
  1.083
  0.000
  0.000
  1.042
  1.029
  4.062
  3.008
  1.980
  0.978
  1.932
  0.954
  0.942
  0.931
  0.920
  1.817
  0.898
  0.887
  0.877
  0.867
  0.000
  3.386
  2.511
  1.655
  0.000
  0.809
  0.000
  0.000
  0.000
  0.000
  0.765
  1.513
  0.000
  0.740
  0.000
  0.724
  0.717
  0.000
  0.000
  0.000
  0.687
  0.000
  0.000
  0.000
  0.000
  0.652
  1.292
  0.000
  1.266
  0.627
  0.000
  1.843
  1.217
  0.602
  0.597
  1.182
  1.755
  0.579
  2.870
  1.137
  0.000
  0.558
  1.105
  1.643
  2.712
  1.075
  1.598
  1.055
  0.523
  2.072
  1.027
  2.035
  0.504
  1.499
  1.486
  0.982
  1.947
  0.482
  1.435
  1.422
  0.470
  0.466
  2.772
  2.290
  1.363
  0.901
  0.447
  0.443
  1.318
  0.871
  1.296
  0.857
  0.850
  0.843
  0.418
  0.415
  0.822
  1.224
  1.619
  0.000
  1.195
  1.185
  0.392
  0.389
  0.000
  0.2070317E+03  0.2070317E+03
  0.000
  0.000
  0.000
  0.000
  0.000
  0.000
  0.000
  0.000
  0.000
  0.000
  0.000
  0.000
  0.000
  0.000
  0.000
  0.000
  0.000
328.936
  0.000
  0.000
  0.000
  0.000
  0.000
  0.000
  0.000
  0.000
  0.000
 33.307
124.043
  0.000
 27.077
  0.000
  0.000
  0.000
  0.000
  0.000
  0.000
  0.000
  0.000
  0.000
  0.000
  0.000
  0.000
  0.000
  0.000
  0.000
  0.000
  0.000
  0.000
  0.000
  0.000
  0.000
  0.000
  0.000
  0.000
  0.000
  0.000
  0.000
  0.000
  0.000
  0.000
  0.000
  0.000
  0.000
  0.000
  0.000
  0.000
  0.000
  0.000
  0.000
  0.000
  0.000
  0.000
  0.000
  0.000
  0.000
  0.000
  0.000
  0.000
  0.000
  0.000
  0.000
  0.000
  0.000
  0.000
  0.000
  0.000
  0.000
  0.000
  0.000
  0.000
  0.000
  0.000
  0.000
  0.000
  0.000
  0.000
  0.000
  0.000
  0.000
  0.000
  0.000
  0.000
  0.000
  0.000
  0.000
  0.000
  0.000
  0.000
  0.000
  0.000
  0.000
  0.000
  0.000
  0.000
  0.000
  0.000
  0.000
  0.000
  0.000
  0.000
  0.000
  0.000
  0.000
  0.000
  0.000
  0.000
  0.000
  0.000
  1.502
  0.000
  1.457
  0.000
  1.413
  0.000
  1.372
  0.000
  0.000
  0.000
  1.294
  0.000
  2.516
  0.000
  2.447
  3.619
  3.570
  1.174
  2.316
  0.000
  1.127
  0.000
  0.000
  1.083
  0.000
  1.055
  0.000
  1.029
  2.031
  5.014
  1.980
  1.956
  1.932
  0.000
  0.942
  0.931
  0.920
  1.817
  0.000
  2.662
  0.000
  0.867
  1.713
  1.693
  2.511
  1.655
  0.000
  0.809
  0.000
  0.000
  0.000
  0.773
  0.765
  0.756
  0.748
  0.000
  0.732
  0.724
  0.000
  0.000
  0.000
  0.000
  0.000
  0.680
  0.000
  0.000
  0.000
  0.000
  1.292
  0.639
  0.633
  1.253
  0.000
  0.614
  2.433
  0.602
  1.193
  0.591
  1.170
  1.159
  1.722
  2.274
  0.000
  0.000
  1.105
  2.190
  2.170
  1.075
  2.130
  0.528
  1.569
  1.036
  0.513
  3.053
  0.000
  1.499
  1.982
  0.982
  1.947
  0.965
  1.913
  0.474
  0.940
  0.932
  2.772
  1.832
  0.908
  0.901
  0.000
  1.329
  1.318
  0.436
  1.728
  0.428
  1.699
  0.000
  0.836
  0.415
  0.822
  0.816
  0.809
  1.204
  0.797
  0.395
  1.176
  0.000
  0.386
  0.1228058E+03  0.1228058E+03
  0.000
  0.000
  0.000
  0.000
  0.000
  0.000
  0.000
  0.000
  0.000
  0.000
  0.000
  0.000
  0.000
  0.000
  0.000
  0.000
  0.000
328.936
  0.000
  0.000
  0.000
  0.000
  0.000
  0.000
  0.000
  0.000
 35.868
  0.000
124.043
 28.944
  0.000
  0.000
  0.000
  0.000
  0.000
  0.000
  0.000
  0.000
  0.000
  0.000
  0.000
  0.000
  0.000
  0.000
  0.000
  0.000
  0.000
  0.000
  0.000
  0.000
  0.000
  0.000
  0.000
  0.000
  0.000
  0.000
  0.000
  0.000
  0.000
  0.000
  0.000
  0.000
  0.000
  0.000
  0.000
  0.000
  0.000
  0.000
  0.000
  0.000
  0.000
  0.000
  0.000
  0.000
  0.000
  0.000
  0.000
  0.000
  0.000
  0.000
  0.000
  0.000
  0.000
  0.000
  0.000
  0.000
  0.000
  0.000
  0.000
  0.000
  0.000
  0.000
  0.000
  0.000
  0.000
  0.000
  0.000
  0.000
  0.000
  0.000
  0.000
  0.000
  0.000
  0.000
  0.000
  0.000
  0.000
  0.000
  0.000
  0.000
  0.000
  0.000
  0.000
  0.000
  0.000
  0.000
  0.000
  0.000
  0.000
  0.000
  0.000
  0.000
  0.000
  0.000
  0.000
  0.000
  0.000
  0.000
  0.000
  1.502
  0.000
  0.000
  1.435
  1.413
  0.000
  1.372
  0.000
  0.000
  0.000
  0.000
  1.276
  1.258
  1.241
  2.447
  3.619
  3.570
  1.174
  1.158
  2.285
  0.000
  0.000
  0.000
  1.083
  1.069
  0.000
  0.000
  2.057
  0.000
  6.016
  1.980
  2.934
  0.000
  1.908
  0.000
  0.931
  0.920
  1.817
  0.898
  1.774
  0.877
  0.000
  0.856
  3.386
  2.511
  0.827
  0.000
  0.809
  0.000
  0.000
  0.782
  0.000
  0.765
  0.756
  0.748
  0.740
  0.000
  0.724
  0.000
  0.000
  0.000
  0.000
  0.000
  0.000
  0.673
  0.000
  0.000
  0.652
  0.000
  0.639
  1.266
  1.253
  0.620
  0.000
  2.433
  0.602
  1.193
  0.591
  1.170
  1.159
  1.148
  1.706
  0.563
  0.558
  0.553
  2.190
  2.170
  1.075
  2.130
  1.583
  1.046
  0.518
  1.540
  2.035
  1.009
  1.000
  1.486
  1.964
  1.460
  1.447
  2.391
  0.000
  0.940
  1.864
  1.848
  1.374
  0.454
  0.901
  0.447
  1.329
  0.878
  1.307
  1.296
  0.857
  0.425
  0.843
  1.254
  0.000
  0.822
  0.816
  1.214
  0.803
  0.797
  0.790
  0.000
  0.778
  0.000
  0.1195534E+03  0.1195534E+03
  0.000
  0.000
  0.000
  0.000
  0.000
  0.000
  0.000
  0.000
  0.000
  0.000
  0.000
  0.000
  0.000
  0.000
  0.000
  0.000
 92.501
246.702
  0.000
  0.000
  0.000
  0.000
  0.000
  0.000
  0.000
  0.000
  0.000
 66.614
 62.021
 57.888
  0.000
  0.000
  0.000
  0.000
  0.000
  0.000
  0.000
  0.000
  0.000
  0.000
  0.000
  0.000
  0.000
  0.000
  0.000
  0.000
  0.000
  0.000
  0.000
  0.000
  0.000
  0.000
  0.000
  0.000
  0.000
  0.000
  0.000
  0.000
  0.000
  0.000
  0.000
  0.000
  0.000
  0.000
  0.000
  0.000
  0.000
  0.000
  0.000
  0.000
  0.000
  0.000
  0.000
  0.000
  0.000
  0.000
  0.000
  0.000
  0.000
  0.000
  0.000
  0.000
  0.000
  0.000
  0.000
  0.000
  0.000
  0.000
  0.000
  0.000
  0.000
  0.000
  0.000
  0.000
  0.000
  0.000
  0.000
  0.000
  0.000
  0.000
  0.000
  0.000
  0.000
  0.000
  0.000
  0.000
  0.000
  0.000
  0.000
  0.000
  0.000
  0.000
  0.000
  0.000
  0.000
  0.000
  0.000
  0.000
  0.000
  0.000
  0.000
  0.000
  0.000
  0.000
  0.000
  0.000
  0.000
  0.000
  0.000
  1.502
  0.000
  0.000
  1.435
  0.000
  2.785
  0.000
  0.000
  0.000
  0.000
  1.294
  0.000
  1.258
  1.241
  3.670
  2.413
  3.570
  0.000
  2.316
  1.142
  1.127
  0.000
  1.098
  0.000
  1.069
  0.000
  1.042
  1.029
  1.016
  4.011
  3.961
  0.978
  0.966
  1.908
  0.000
  0.931
  0.920
  1.817
  0.898
  0.000
  2.630
  0.000
  0.856
  3.386
  2.511
  0.000
  0.818
  0.809
  0.000
  0.000
  0.782
  0.000
  0.765
  0.756
  0.748
  0.000
  0.732
  0.724
  0.000
  0.000
  0.000
  0.000
  0.000
  0.000
  0.000
  0.666
  0.000
  0.652
  0.000
  0.639
  1.266
  1.253
  0.620
  1.229
  0.608
  1.205
  1.193
  0.591
  1.755
  1.738
  0.000
  0.569
  1.689
  1.116
  0.000
  2.738
  1.085
  2.150
  2.130
  0.528
  1.569
  1.036
  1.027
  2.035
  1.513
  0.500
  0.991
  2.455
  0.973
  2.412
  1.913
  0.000
  0.470
  2.330
  0.462
  2.290
  0.908
  0.901
  1.340
  0.886
  0.439
  0.871
  1.296
  1.285
  0.850
  0.421
  1.254
  0.000
  0.822
  1.224
  0.405
  1.204
  0.398
  0.790
  0.392
  0.778
  0.000
  0.9957994E+02  0.9957994E+02
  0.000
  0.000
  0.000
  0.000
  0.000
  0.000
  0.000
  0.000
  0.000
  0.000
  0.000
  0.000
  0.000
  0.000
  0.000
  0.000
  0.000
246.702
 73.586
  0.000
  0.000
  0.000
  0.000
  0.000
  0.000
  0.000
  0.000
 33.307
 31.011
115.776
  0.000
  0.000
  0.000
  0.000
  0.000
  0.000
  0.000
  0.000
  0.000
  0.000
  0.000
  0.000
  0.000
  0.000
  0.000
  0.000
  0.000
  0.000
  0.000
  0.000
  0.000
  0.000
  0.000
  0.000
  0.000
  0.000
  0.000
  0.000
  0.000
  0.000
  0.000
  0.000
  0.000
  0.000
  0.000
  0.000
  0.000
  0.000
  0.000
  0.000
  0.000
  0.000
  0.000
  0.000
  0.000
  0.000
  0.000
  0.000
  0.000
  0.000
  0.000
  0.000
  0.000
  0.000
  0.000
  0.000
  0.000
  0.000
  0.000
  0.000
  0.000
  0.000
  0.000
  0.000
  0.000
  0.000
  0.000
  0.000
  0.000
  0.000
  0.000
  0.000
  0.000
  0.000
  0.000
  0.000
  0.000
  0.000
  0.000
  0.000
  0.000
  0.000
  0.000
  0.000
  0.000
  0.000
  0.000
  0.000
  0.000
  0.000
  0.000
  0.000
  0.000
  0.000
  0.000
  0.000
  0.000
  0.000
  1.526
  0.000
  0.000
  0.000
  1.435
  1.413
  1.393
  0.000
  0.000
  0.000
  0.000
  1.294
  0.000
  1.258
  2.481
  3.670
  1.206
  2.380
  1.174
  3.474
  0.000
  1.127
  0.000
  1.098
  0.000
  1.069
  1.055
  0.000
  1.029
  2.031
  4.011
  1.980
  0.978
  0.966
  2.862
  0.000
  0.000
  1.839
  0.909
  1.796
  0.000
  0.000
  2.600
  0.856
  3.386
  2.511
  0.000
  0.818
  0.000
  0.800
  0.000
  0.782
  0.000
  0.000
  1.513
  0.748
  0.000
  0.000
  1.448
  0.000
  0.000
  0.000
  0.000
  0.000
  0.000
  0.000
  0.666
  0.659
  0.000
  0.000
  1.279
  0.633
  1.253
  1.861
  0.000
  1.217
  0.602
  1.193
  1.182
  1.755
  1.159
  0.000
  0.569
  1.689
  1.116
  0.553
  2.738
  1.085
  2.150
  1.598
  0.528
  2.091
  0.518
  1.540
  1.527
  1.009
  1.000
  1.486
  1.964
  0.973
  1.930
  2.391
  0.000
  1.410
  1.864
  0.000
  2.290
  0.454
  0.450
  1.786
  1.329
  0.439
  0.871
  0.864
  1.285
  1.275
  0.421
  0.418
  0.829
  1.234
  0.408
  1.214
  0.803
  0.000
  1.185
  0.392
  0.778
  0.000
  0.1347622E+03  0.1347622E+03
  0.000
  0.000
  0.000
  0.000
  0.000
  0.000
  0.000
  0.000
  0.000
  0.000
  0.000
  0.000
  0.000
  0.000
  0.000
  0.000
  0.000
164.468
147.172
  0.000
  0.000
  0.000
  0.000
  0.000
  0.000
  0.000
  0.000
 33.307
 62.021
 57.888
 27.077
  0.000
  0.000
  0.000
  0.000
  0.000
  0.000
  0.000
  0.000
  0.000
  0.000
  0.000
  0.000
  0.000
  0.000
  0.000
  0.000
  0.000
  0.000
  0.000
  0.000
  0.000
  0.000
  0.000
  0.000
  0.000
  0.000
  0.000
  0.000
  0.000
  0.000
  0.000
  0.000
  0.000
  0.000
  0.000
  0.000
  0.000
  0.000
  0.000
  0.000
  0.000
  0.000
  0.000
  0.000
  0.000
  0.000
  0.000
  0.000
  0.000
  0.000
  0.000
  0.000
  0.000
  0.000
  0.000
  0.000
  0.000
  0.000
  0.000
  0.000
  0.000
  0.000
  0.000
  0.000
  0.000
  0.000
  0.000
  0.000
  0.000
  0.000
  0.000
  0.000
  0.000
  0.000
  0.000
  0.000
  0.000
  0.000
  0.000
  0.000
  0.000
  0.000
  0.000
  0.000
  0.000
  0.000
  0.000
  0.000
  0.000
  0.000
  0.000
  0.000
  0.000
  0.000
  0.000
  0.000
  1.550
  0.000
  0.000
  0.000
  0.000
  1.435
  1.413
  1.393
  0.000
  0.000
  0.000
  0.000
  1.294
  0.000
  1.258
  3.722
  2.447
  3.619
  0.000
  0.000
  4.631
  0.000
  1.127
  0.000
  1.098
  0.000
  0.000
  2.111
  0.000
  2.057
  2.031
  3.008
  1.980
  0.978
  1.932
  1.908
  0.000
  0.000
  1.839
  0.909
  0.898
  0.887
  0.000
  2.600
  0.856
  3.386
  1.674
  0.827
  0.000
  1.617
  0.000
  0.000
  0.782
  0.000
  0.765
  0.756
  0.748
  0.000
  0.000
  0.724
  0.717
  0.000
  0.000
  0.000
  0.000
  0.000
  0.673
  0.000
  0.659
  0.000
  0.000
  1.279
  1.266
  0.627
  1.861
  0.614
  1.217
  0.000
  2.386
  0.000
  1.755
  0.579
  0.574
  0.569
  1.689
  1.116
  0.553
  2.738
  1.627
  1.612
  0.533
  1.055
  2.614
  0.518
  2.054
  0.000
  2.017
  1.000
  0.991
  2.455
  1.947
  0.965
  1.913
  0.474
  0.940
  0.932
  2.310
  1.374
  0.454
  0.450
  1.786
  0.886
  0.439
  0.871
  1.296
  1.285
  0.425
  1.264
  0.836
  0.829
  0.411
  0.408
  1.619
  0.401
  0.398
  1.185
  0.392
  0.778
  0.000
  0.9627420E+02  0.9627420E+02
  0.000
  0.000
  0.000
  0.000
  0.000
  0.000
  0.000
  0.000
  0.000
  0.000
  0.000
  0.000
  0.000
  0.000
  0.000
  0.000
 92.501
 82.234
147.172
  0.000
  0.000
  0.000
  0.000
  0.000
  0.000
  0.000
  0.000
 66.614
 93.032
  0.000
 27.077
  0.000
  0.000
  0.000
  0.000
  0.000
  0.000
  0.000
  0.000
  0.000
  0.000
  0.000
  0.000
  0.000
  0.000
  0.000
  0.000
  0.000
  0.000
  0.000
  0.000
  0.000
  0.000
  0.000
  0.000
  0.000
  0.000
  0.000
  0.000
  0.000
  0.000
  0.000
  0.000
  0.000
  0.000
  0.000
  0.000
  0.000
  0.000
  0.000
  0.000
  0.000
  0.000
  0.000
  0.000
  0.000
  0.000
  0.000
  0.000
  0.000
  0.000
  0.000
  0.000
  0.000
  0.000
  0.000
  0.000
  0.000
  0.000
  0.000
  0.000
  0.000
  0.000
  0.000
  0.000
  0.000
  0.000
  0.000
  0.000
  0.000
  0.000
  0.000
  0.000
  0.000
  0.000
  0.000
  0.000
  0.000
  0.000
  0.000
  0.000
  0.000
  0.000
  0.000
  0.000
  0.000
  0.000
  0.000
  0.000
  0.000
  0.000
  0.000
  0.000
  0.000
  0.000
  0.000
  0.000
  1.550
  0.000
  0.000
  0.000
  0.000
  0.000
  1.413
  1.393
  1.372
  0.000
  0.000
  0.000
  1.294
  0.000
  0.000
  2.481
  4.893
  2.413
  1.190
  0.000
  3.474
  1.142
  1.127
  0.000
  1.098
  0.000
  0.000
  2.111
  1.042
  1.029
  1.016
  5.014
  0.990
  0.978
  2.897
  0.954
  0.000
  0.000
  0.920
  2.726
  0.000
  0.887
  1.754
  0.867
  1.713
  2.540
  1.674
  0.827
  0.000
  1.617
  0.000
  0.791
  0.000
  0.773
  0.000
  1.513
  0.000
  0.000
  0.732
  0.000
  0.717
  0.000
  0.000
  0.000
  0.000
  0.000
  0.000
  0.666
  0.000
  0.652
  0.000
  0.639
  1.266
  0.627
  1.241
  1.843
  1.217
  0.000
  1.790
  0.000
  1.755
  0.579
  1.148
  0.569
  0.563
  0.558
  2.763
  2.190
  1.085
  1.612
  1.065
  1.055
  2.614
  1.554
  0.513
  1.527
  1.009
  1.000
  1.486
  1.964
  2.434
  0.482
  1.913
  0.948
  0.470
  1.398
  2.310
  0.916
  0.908
  0.450
  1.786
  0.443
  0.878
  0.871
  0.864
  1.285
  0.425
  2.107
  0.418
  0.415
  0.822
  0.816
  0.405
  0.803
  0.797
  0.395
  0.784
  0.778
  0.000
