   1   5   1   0  0.1957052E+03  0.5000000E+02
  CAR 
 unknown system                          
   0   0   0
   1   1
 256 256 256
 256
  0.1000000E-09
  0.6250000E-11
  10
  0.2000000E-14  0.9909769E-09  0.1002389E-08  0.9857313E-09
  0.4784428E+02  0.4784428E+02
  0.000
  0.000
  0.000
  0.000
  0.000
  0.000
  0.000
  0.000
  0.000
  0.000
  0.000
  0.000
  0.000
  0.000
  0.000
  0.000
  0.000
333.179
  0.000
  0.000
  0.000
  0.000
  0.000
  0.000
  0.000
  0.000
  0.000
  0.000
188.464
  0.000
  0.000
  0.000
  0.000
  0.000
  0.000
  0.000
  0.000
  0.000
  0.000
  0.000
  0.000
  0.000
  0.000
  0.000
  0.000
  0.000
  0.000
  0.000
  0.000
  0.000
  0.000
  0.000
  0.000
  0.000
  0.000
  0.000
  0.000
  0.000
  0.000
  0.000
  0.000
  0.000
  0.000
  0.000
  0.000
  0.000
  0.000
  0.000
  0.000
  0.000
  0.000
  0.000
  0.000
  0.000
  0.000
  0.000
  0.000
  0.000
  0.000
  0.000
  0.000
  0.000
  0.000
  0.000
  0.000
  0.000
  0.000
  0.000
  0.000
  0.000
  0.000
  0.000
  0.000
  0.000
  0.000
  0.000
  0.000
  0.000
  0.000
  0.000
  0.000
  0.000
  0.000
  0.000
  0.000
  0.000
  0.000
  0.000
  0.000
  0.000
  0.000
  0.000
  0.000
  0.000
  0.000
  0.000
  0.000
  0.000
  0.000
  0.000
  0.000
  0.000
  0.000
  0.000
  0.000
  0.000
  0.000
  0.000
  0.000
  1.521
  0.000
  0.000
  0.000
  0.000
  1.410
  1.390
  2.739
  0.000
  1.330
  0.000
  0.000
  1.274
  0.000
  2.478
  2.444
  1.205
  0.000
  2.346
  0.000
  1.142
  1.127
  3.335
  1.097
  1.083
  0.000
  1.055
  0.000
  3.086
  1.016
  4.012
  1.981
  0.978
  0.966
  3.818
  0.943
  0.932
  0.920
  0.000
  0.000
  0.888
  0.878
  1.735
  1.715
  0.848
  1.676
  2.485
  0.819
  0.000
  0.000
  0.000
  0.783
  0.000
  0.766
  0.758
  0.000
  1.483
  0.734
  0.000
  0.000
  0.000
  0.000
  0.000
  0.000
  0.000
  0.000
  1.335
  0.661
  0.000
  0.000
  0.641
  0.000
  0.628
  0.622
  1.232
  1.220
  1.813
  1.197
  0.593
  1.174
  1.744
  0.000
  1.141
  1.130
  1.120
  3.327
  0.549
  1.633
  1.618
  1.069
  2.118
  1.574
  1.560
  1.031
  0.511
  1.013
  1.004
  1.989
  1.972
  0.489
  0.484
  1.921
  1.428
  1.416
  1.872
  1.856
  0.460
  0.456
  0.452
  2.243
  1.779
  1.323
  0.437
  0.000
  1.721
  0.854
  0.423
  0.420
  2.083
  0.000
  1.230
  0.813
  0.403
  0.800
  0.000
  0.394
  0.782
  0.5901465E+02  0.5901465E+02
  0.000
  0.000
  0.000
  0.000
  0.000
  0.000
  0.000
  0.000
  0.000
  0.000
  0.000
  0.000
  0.000
  0.000
  0.000
  0.000
  0.000
333.179
  0.000
  0.000
  0.000
  0.000
  0.000
  0.000
  0.000
  0.000
  0.000
  0.000
157.054
 29.317
  0.000
  0.000
  0.000
  0.000
  0.000
  0.000
  0.000
  0.000
  0.000
  0.000
  0.000
  0.000
  0.000
  0.000
  0.000
  0.000
  0.000
  0.000
  0.000
  0.000
  0.000
  0.000
  0.000
  0.000
  0.000
  0.000
  0.000
  0.000
  0.000
  0.000
  0.000
  0.000
  0.000
  0.000
  0.000
  0.000
  0.000
  0.000
  0.000
  0.000
  0.000
  0.000
  0.000
  0.000
  0.000
  0.000
  0.000
  0.000
  0.000
  0.000
  0.000
  0.000
  0.000
  0.000
  0.000
  0.000
  0.000
  0.000
  0.000
  0.000
  0.000
  0.000
  0.000
  0.000
  0.000
  0.000
  0.000
  0.000
  0.000
  0.000
  0.000
  0.000
  0.000
  0.000
  0.000
  0.000
  0.000
  0.000
  0.000
  0.000
  0.000
  0.000
  0.000
  0.000
  0.000
  0.000
  0.000
  0.000
  0.000
  0.000
  0.000
  0.000
  0.000
  0.000
  0.000
  0.000
  0.000
  0.000
  0.000
  1.521
  0.000
  0.000
  0.000
  0.000
  1.410
  2.779
  1.369
  0.000
  0.000
  1.311
  0.000
  1.274
  1.257
  2.478
  1.222
  1.205
  0.000
  1.173
  2.314
  0.000
  1.127
  3.335
  1.097
  1.083
  0.000
  1.055
  0.000
  3.086
  2.031
  3.009
  1.981
  0.000
  2.899
  2.863
  0.000
  1.863
  0.920
  0.000
  0.000
  0.888
  0.878
  2.603
  0.857
  0.848
  0.838
  3.314
  0.819
  0.000
  0.000
  0.000
  0.783
  0.000
  0.766
  0.758
  0.000
  0.742
  1.467
  0.000
  0.000
  0.000
  0.000
  0.000
  0.000
  0.000
  0.000
  0.668
  1.322
  0.000
  0.648
  0.000
  0.000
  0.628
  0.000
  1.848
  1.220
  1.813
  1.795
  0.000
  1.174
  1.744
  0.576
  0.570
  1.130
  1.679
  2.773
  1.099
  0.544
  1.618
  2.138
  1.589
  1.574
  1.560
  1.031
  0.511
  1.013
  1.004
  2.487
  1.479
  0.000
  0.969
  1.441
  2.857
  0.472
  1.404
  2.320
  0.460
  0.912
  0.452
  1.346
  1.779
  1.323
  0.875
  0.000
  1.291
  0.854
  0.847
  0.000
  2.083
  0.413
  1.230
  0.813
  0.807
  0.400
  0.000
  0.000
  1.173
  0.8945440E+02  0.8945440E+02
  0.000
  0.000
  0.000
  0.000
  0.000
  0.000
  0.000
  0.000
  0.000
  0.000
  0.000
  0.000
  0.000
  0.000
  0.000
  0.000
  0.000
249.885
 74.536
  0.000
  0.000
  0.000
  0.000
  0.000
  0.000
  0.000
  0.000
  0.000
 94.232
 58.635
 27.427
  0.000
  0.000
  0.000
  0.000
  0.000
  0.000
  0.000
  0.000
  0.000
  0.000
  0.000
  0.000
  0.000
  0.000
  0.000
  0.000
  0.000
  0.000
  0.000
  0.000
  0.000
  0.000
  0.000
  0.000
  0.000
  0.000
  0.000
  0.000
  0.000
  0.000
  0.000
  0.000
  0.000
  0.000
  0.000
  0.000
  0.000
  0.000
  0.000
  0.000
  0.000
  0.000
  0.000
  0.000
  0.000
  0.000
  0.000
  0.000
  0.000
  0.000
  0.000
  0.000
  0.000
  0.000
  0.000
  0.000
  0.000
  0.000
  0.000
  0.000
  0.000
  0.000
  0.000
  0.000
  0.000
  0.000
  0.000
  0.000
  0.000
  0.000
  0.000
  0.000
  0.000
  0.000
  0.000
  0.000
  0.000
  0.000
  0.000
  0.000
  0.000
  0.000
  0.000
  0.000
  0.000
  0.000
  0.000
  0.000
  0.000
  0.000
  0.000
  0.000
  0.000
  0.000
  0.000
  0.000
  0.000
  0.000
  1.521
  0.000
  0.000
  0.000
  0.000
  2.821
  1.390
  1.369
  0.000
  0.000
  1.311
  0.000
  1.274
  1.257
  2.478
  1.222
  1.205
  0.000
  0.000
  3.471
  0.000
  1.127
  3.335
  2.194
  0.000
  0.000
  0.000
  1.042
  4.114
  1.016
  2.006
  2.972
  0.978
  1.933
  0.954
  1.886
  0.932
  0.920
  0.909
  0.000
  0.888
  0.878
  2.603
  0.000
  1.695
  0.838
  1.657
  1.638
  0.810
  0.000
  0.000
  0.783
  0.000
  0.000
  0.758
  0.750
  0.742
  0.734
  0.726
  0.000
  0.000
  0.000
  0.000
  0.000
  0.000
  0.674
  1.335
  0.000
  0.000
  0.648
  0.000
  0.000
  0.628
  1.244
  0.616
  2.441
  0.000
  2.393
  0.000
  1.174
  1.744
  1.152
  0.570
  0.565
  1.679
  2.773
  1.099
  0.544
  2.158
  2.138
  1.059
  2.099
  1.560
  0.515
  0.511
  1.013
  0.502
  2.984
  0.986
  0.977
  0.969
  1.441
  1.904
  0.944
  0.468
  2.784
  0.920
  0.912
  0.452
  0.897
  1.779
  1.765
  0.437
  0.434
  0.430
  1.707
  0.423
  1.260
  0.833
  0.826
  0.820
  0.813
  1.210
  0.000
  0.397
  0.000
  1.173
  0.1780463E+03  0.1780463E+03
  0.000
  0.000
  0.000
  0.000
  0.000
  0.000
  0.000
  0.000
  0.000
  0.000
  0.000
  0.000
  0.000
  0.000
  0.000
  0.000
  0.000
333.179
  0.000
  0.000
  0.000
  0.000
  0.000
  0.000
  0.000
  0.000
  0.000
 33.736
 94.232
 58.635
  0.000
  0.000
  0.000
  0.000
  0.000
  0.000
  0.000
  0.000
  0.000
  0.000
  0.000
  0.000
  0.000
  0.000
  0.000
  0.000
  0.000
  0.000
  0.000
  0.000
  0.000
  0.000
  0.000
  0.000
  0.000
  0.000
  0.000
  0.000
  0.000
  0.000
  0.000
  0.000
  0.000
  0.000
  0.000
  0.000
  0.000
  0.000
  0.000
  0.000
  0.000
  0.000
  0.000
  0.000
  0.000
  0.000
  0.000
  0.000
  0.000
  0.000
  0.000
  0.000
  0.000
  0.000
  0.000
  0.000
  0.000
  0.000
  0.000
  0.000
  0.000
  0.000
  0.000
  0.000
  0.000
  0.000
  0.000
  0.000
  0.000
  0.000
  0.000
  0.000
  0.000
  0.000
  0.000
  0.000
  0.000
  0.000
  0.000
  0.000
  0.000
  0.000
  0.000
  0.000
  0.000
  0.000
  0.000
  0.000
  0.000
  0.000
  0.000
  0.000
  0.000
  0.000
  0.000
  0.000
  0.000
  0.000
  0.000
  0.000
  1.498
  0.000
  0.000
  0.000
  2.821
  1.390
  1.369
  0.000
  0.000
  1.311
  1.293
  0.000
  1.257
  1.239
  2.444
  1.205
  0.000
  1.173
  1.157
  2.283
  1.127
  1.112
  3.291
  0.000
  0.000
  0.000
  2.084
  2.057
  2.031
  2.006
  2.972
  1.957
  0.966
  0.954
  1.886
  0.932
  1.841
  0.000
  0.000
  0.888
  1.755
  0.868
  2.572
  0.000
  0.838
  1.657
  2.457
  0.000
  0.000
  0.000
  0.783
  0.000
  0.000
  0.758
  0.750
  1.483
  0.000
  0.726
  0.000
  0.000
  0.000
  0.000
  0.000
  0.000
  1.349
  0.668
  0.000
  0.000
  0.000
  0.641
  0.000
  1.257
  0.622
  1.232
  0.000
  1.813
  2.393
  0.593
  0.587
  0.581
  1.152
  1.711
  0.565
  2.239
  1.664
  1.648
  1.089
  1.618
  2.138
  0.530
  2.099
  1.560
  1.031
  0.511
  1.013
  1.505
  1.492
  1.972
  0.489
  0.484
  1.921
  0.952
  1.416
  0.936
  2.784
  0.920
  0.912
  0.905
  0.000
  2.224
  1.765
  0.875
  0.000
  0.861
  1.707
  0.423
  0.840
  1.250
  0.413
  0.820
  0.813
  0.807
  0.400
  0.000
  0.394
  1.954
  0.1107069E+03  0.1107069E+03
  0.000
  0.000
  0.000
  0.000
  0.000
  0.000
  0.000
  0.000
  0.000
  0.000
  0.000
  0.000
  0.000
  0.000
  0.000
  0.000
  0.000
333.179
  0.000
  0.000
  0.000
  0.000
  0.000
  0.000
  0.000
  0.000
  0.000
 67.473
 62.821
 58.635
  0.000
  0.000
  0.000
  0.000
  0.000
  0.000
  0.000
  0.000
  0.000
  0.000
  0.000
  0.000
  0.000
  0.000
  0.000
  0.000
  0.000
  0.000
  0.000
  0.000
  0.000
  0.000
  0.000
  0.000
  0.000
  0.000
  0.000
  0.000
  0.000
  0.000
  0.000
  0.000
  0.000
  0.000
  0.000
  0.000
  0.000
  0.000
  0.000
  0.000
  0.000
  0.000
  0.000
  0.000
  0.000
  0.000
  0.000
  0.000
  0.000
  0.000
  0.000
  0.000
  0.000
  0.000
  0.000
  0.000
  0.000
  0.000
  0.000
  0.000
  0.000
  0.000
  0.000
  0.000
  0.000
  0.000
  0.000
  0.000
  0.000
  0.000
  0.000
  0.000
  0.000
  0.000
  0.000
  0.000
  0.000
  0.000
  0.000
  0.000
  0.000
  0.000
  0.000
  0.000
  0.000
  0.000
  0.000
  0.000
  0.000
  0.000
  0.000
  0.000
  0.000
  0.000
  0.000
  0.000
  0.000
  0.000
  0.000
  0.000
  1.498
  0.000
  0.000
  0.000
  2.821
  1.390
  0.000
  0.000
  1.330
  1.311
  1.293
  0.000
  2.513
  0.000
  0.000
  2.411
  1.189
  1.173
  0.000
  4.567
  0.000
  1.112
  2.194
  1.083
  0.000
  0.000
  2.084
  2.057
  2.031
  3.009
  1.981
  0.000
  2.899
  0.954
  0.943
  1.863
  1.841
  0.000
  0.899
  0.000
  1.755
  0.000
  3.430
  0.848
  0.000
  3.314
  0.819
  0.000
  0.000
  0.000
  0.783
  0.000
  0.000
  1.516
  1.499
  0.000
  0.734
  0.000
  0.000
  0.000
  0.000
  0.000
  0.000
  0.000
  1.349
  0.000
  0.661
  0.000
  0.000
  0.000
  0.000
  1.885
  1.244
  0.000
  0.610
  2.417
  0.000
  2.370
  0.587
  0.581
  0.000
  2.852
  1.130
  1.679
  1.109
  2.747
  0.000
  2.158
  1.603
  1.589
  1.574
  1.560
  1.031
  0.511
  1.013
  2.007
  0.000
  2.465
  1.466
  0.484
  1.441
  0.952
  1.416
  0.936
  2.784
  0.920
  0.912
  0.905
  1.346
  1.335
  1.323
  1.312
  0.000
  1.721
  0.854
  0.000
  1.680
  0.000
  0.826
  1.230
  0.813
  0.403
  0.000
  0.794
  1.182
  0.782
  0.1002930E+03  0.1002930E+03
  0.000
  0.000
  0.000
  0.000
  0.000
  0.000
  0.000
  0.000
  0.000
  0.000
  0.000
  0.000
  0.000
  0.000
  0.000
  0.000
  0.000
333.179
  0.000
  0.000
  0.000
  0.000
  0.000
  0.000
  0.000
  0.000
  0.000
 33.736
 31.411
117.270
  0.000
  0.000
  0.000
  0.000
  0.000
  0.000
  0.000
  0.000
  0.000
  0.000
  0.000
  0.000
  0.000
  0.000
  0.000
  0.000
  0.000
  0.000
  0.000
  0.000
  0.000
  0.000
  0.000
  0.000
  0.000
  0.000
  0.000
  0.000
  0.000
  0.000
  0.000
  0.000
  0.000
  0.000
  0.000
  0.000
  0.000
  0.000
  0.000
  0.000
  0.000
  0.000
  0.000
  0.000
  0.000
  0.000
  0.000
  0.000
  0.000
  0.000
  0.000
  0.000
  0.000
  0.000
  0.000
  0.000
  0.000
  0.000
  0.000
  0.000
  0.000
  0.000
  0.000
  0.000
  0.000
  0.000
  0.000
  0.000
  0.000
  0.000
  0.000
  0.000
  0.000
  0.000
  0.000
  0.000
  0.000
  0.000
  0.000
  0.000
  0.000
  0.000
  0.000
  0.000
  0.000
  0.000
  0.000
  0.000
  0.000
  0.000
  0.000
  0.000
  0.000
  0.000
  0.000
  0.000
  0.000
  0.000
  0.000
  1.521
  0.000
  0.000
  0.000
  1.432
  1.410
  1.390
  0.000
  0.000
  1.330
  1.311
  0.000
  2.549
  1.257
  0.000
  1.222
  1.205
  1.189
  1.173
  0.000
  3.425
  1.127
  1.112
  1.097
  2.166
  0.000
  0.000
  3.125
  3.086
  0.000
  4.012
  0.991
  0.000
  1.933
  1.909
  0.943
  0.932
  1.841
  0.909
  0.899
  0.000
  1.755
  0.000
  2.572
  0.848
  0.838
  2.485
  1.638
  0.000
  0.000
  0.000
  0.783
  0.000
  0.000
  1.516
  0.750
  0.742
  0.734
  0.000
  0.000
  0.000
  0.000
  0.000
  0.000
  0.681
  0.674
  0.000
  0.661
  0.000
  0.000
  0.000
  0.000
  2.514
  0.622
  0.000
  1.830
  1.208
  0.598
  2.370
  0.000
  0.581
  0.000
  2.852
  2.260
  1.120
  0.555
  2.198
  0.544
  2.158
  2.138
  1.059
  1.574
  1.040
  0.515
  1.532
  0.506
  2.509
  0.000
  1.972
  1.466
  1.453
  0.961
  0.952
  0.944
  1.872
  0.928
  2.300
  0.912
  0.905
  0.897
  1.335
  1.765
  0.875
  0.434
  1.291
  0.427
  1.270
  0.840
  0.417
  0.826
  1.230
  0.813
  0.403
  0.000
  1.191
  0.788
  0.782
  0.7500095E+02  0.7500095E+02
  0.000
  0.000
  0.000
  0.000
  0.000
  0.000
  0.000
  0.000
  0.000
  0.000
  0.000
  0.000
  0.000
  0.000
  0.000
  0.000
  0.000
249.885
 74.536
  0.000
  0.000
  0.000
  0.000
  0.000
  0.000
  0.000
  0.000
  0.000
 94.232
 58.635
 27.427
  0.000
  0.000
  0.000
  0.000
  0.000
  0.000
  0.000
  0.000
  0.000
  0.000
  0.000
  0.000
  0.000
  0.000
  0.000
  0.000
  0.000
  0.000
  0.000
  0.000
  0.000
  0.000
  0.000
  0.000
  0.000
  0.000
  0.000
  0.000
  0.000
  0.000
  0.000
  0.000
  0.000
  0.000
  0.000
  0.000
  0.000
  0.000
  0.000
  0.000
  0.000
  0.000
  0.000
  0.000
  0.000
  0.000
  0.000
  0.000
  0.000
  0.000
  0.000
  0.000
  0.000
  0.000
  0.000
  0.000
  0.000
  0.000
  0.000
  0.000
  0.000
  0.000
  0.000
  0.000
  0.000
  0.000
  0.000
  0.000
  0.000
  0.000
  0.000
  0.000
  0.000
  0.000
  0.000
  0.000
  0.000
  0.000
  0.000
  0.000
  0.000
  0.000
  0.000
  0.000
  0.000
  0.000
  0.000
  0.000
  0.000
  0.000
  0.000
  0.000
  0.000
  0.000
  0.000
  0.000
  0.000
  0.000
  1.521
  0.000
  0.000
  1.453
  0.000
  1.410
  1.390
  0.000
  1.350
  1.330
  0.000
  0.000
  2.549
  1.257
  0.000
  1.222
  1.205
  1.189
  1.173
  0.000
  1.142
  4.506
  0.000
  1.097
  2.166
  0.000
  2.110
  1.042
  3.086
  0.000
  3.009
  1.981
  0.000
  0.000
  3.818
  0.943
  0.932
  1.841
  0.000
  0.899
  1.776
  0.878
  0.868
  1.715
  0.848
  1.676
  0.828
  1.638
  0.810
  0.000
  0.000
  0.783
  0.000
  0.000
  0.758
  0.750
  1.483
  0.000
  0.726
  0.000
  0.000
  0.000
  0.000
  0.000
  0.681
  0.674
  0.668
  0.000
  0.000
  0.000
  0.000
  0.635
  1.257
  1.244
  0.616
  1.220
  1.208
  1.197
  1.778
  0.000
  0.581
  1.152
  1.711
  2.260
  1.120
  1.109
  1.099
  1.633
  2.158
  1.603
  1.059
  1.050
  2.080
  0.000
  1.532
  0.506
  2.509
  0.497
  1.479
  1.466
  0.484
  1.921
  0.476
  0.944
  2.340
  0.928
  1.840
  1.369
  0.452
  1.794
  1.335
  0.441
  1.750
  0.000
  0.861
  2.134
  1.270
  0.000
  0.417
  0.826
  0.410
  1.627
  0.000
  0.800
  0.794
  1.182
  0.000
  0.9578640E+02  0.9578640E+02
  0.000
  0.000
  0.000
  0.000
  0.000
  0.000
  0.000
  0.000
  0.000
  0.000
  0.000
  0.000
  0.000
  0.000
  0.000
  0.000
  0.000
249.885
 74.536
  0.000
  0.000
  0.000
  0.000
  0.000
  0.000
  0.000
  0.000
  0.000
125.643
 29.317
 27.427
  0.000
  0.000
  0.000
  0.000
  0.000
  0.000
  0.000
  0.000
  0.000
  0.000
  0.000
  0.000
  0.000
  0.000
  0.000
  0.000
  0.000
  0.000
  0.000
  0.000
  0.000
  0.000
  0.000
  0.000
  0.000
  0.000
  0.000
  0.000
  0.000
  0.000
  0.000
  0.000
  0.000
  0.000
  0.000
  0.000
  0.000
  0.000
  0.000
  0.000
  0.000
  0.000
  0.000
  0.000
  0.000
  0.000
  0.000
  0.000
  0.000
  0.000
  0.000
  0.000
  0.000
  0.000
  0.000
  0.000
  0.000
  0.000
  0.000
  0.000
  0.000
  0.000
  0.000
  0.000
  0.000
  0.000
  0.000
  0.000
  0.000
  0.000
  0.000
  0.000
  0.000
  0.000
  0.000
  0.000
  0.000
  0.000
  0.000
  0.000
  0.000
  0.000
  0.000
  0.000
  0.000
  0.000
  0.000
  0.000
  0.000
  0.000
  0.000
  0.000
  0.000
  0.000
  0.000
  0.000
  0.000
  0.000
  1.521
  0.000
  0.000
  0.000
  1.432
  0.000
  2.779
  0.000
  1.350
  0.000
  1.311
  0.000
  1.274
  2.513
  0.000
  1.222
  2.411
  1.189
  0.000
  0.000
  2.283
  2.253
  1.112
  2.194
  1.083
  0.000
  2.110
  1.042
  2.057
  1.016
  3.009
  1.981
  0.000
  0.000
  3.818
  1.886
  0.000
  1.841
  0.000
  0.899
  0.888
  1.755
  0.868
  1.715
  1.695
  0.838
  0.828
  2.457
  0.000
  0.000
  0.000
  0.783
  0.000
  0.000
  0.758
  0.750
  1.483
  0.734
  0.000
  0.000
  0.000
  0.000
  0.000
  0.000
  0.000
  1.349
  0.668
  0.000
  0.000
  0.000
  0.000
  0.635
  0.628
  1.867
  0.616
  1.220
  1.208
  1.197
  1.185
  0.587
  0.581
  0.576
  2.282
  2.260
  1.120
  1.109
  0.000
  2.722
  2.158
  1.069
  1.059
  2.624
  1.040
  0.000
  1.532
  1.013
  1.505
  1.492
  0.986
  0.977
  1.453
  1.441
  0.476
  1.416
  1.872
  1.856
  0.920
  1.825
  0.000
  1.794
  1.335
  0.441
  1.750
  0.000
  1.291
  1.280
  1.270
  0.420
  0.417
  0.826
  0.820
  1.220
  0.000
  0.800
  0.397
  1.182
  0.391
  0.1530230E+03  0.1530230E+03
  0.000
  0.000
  0.000
  0.000
  0.000
  0.000
  0.000
  0.000
  0.000
  0.000
  0.000
  0.000
  0.000
  0.000
  0.000
  0.000
  0.000
333.179
  0.000
  0.000
  0.000
  0.000
  0.000
  0.000
  0.000
  0.000
  0.000
  0.000
157.054
 29.317
  0.000
  0.000
  0.000
  0.000
  0.000
  0.000
  0.000
  0.000
  0.000
  0.000
  0.000
  0.000
  0.000
  0.000
  0.000
  0.000
  0.000
  0.000
  0.000
  0.000
  0.000
  0.000
  0.000
  0.000
  0.000
  0.000
  0.000
  0.000
  0.000
  0.000
  0.000
  0.000
  0.000
  0.000
  0.000
  0.000
  0.000
  0.000
  0.000
  0.000
  0.000
  0.000
  0.000
  0.000
  0.000
  0.000
  0.000
  0.000
  0.000
  0.000
  0.000
  0.000
  0.000
  0.000
  0.000
  0.000
  0.000
  0.000
  0.000
  0.000
  0.000
  0.000
  0.000
  0.000
  0.000
  0.000
  0.000
  0.000
  0.000
  0.000
  0.000
  0.000
  0.000
  0.000
  0.000
  0.000
  0.000
  0.000
  0.000
  0.000
  0.000
  0.000
  0.000
  0.000
  0.000
  0.000
  0.000
  0.000
  0.000
  0.000
  0.000
  0.000
  0.000
  0.000
  0.000
  0.000
  0.000
  0.000
  0.000
  1.521
  0.000
  0.000
  0.000
  1.432
  0.000
  1.390
  1.369
  1.350
  0.000
  1.311
  0.000
  1.274
  1.257
  1.239
  1.222
  2.411
  1.189
  0.000
  0.000
  2.283
  2.253
  1.112
  3.291
  0.000
  0.000
  1.055
  2.084
  1.029
  3.047
  2.006
  0.991
  0.978
  2.899
  0.954
  1.886
  0.000
  1.841
  0.909
  0.000
  0.888
  1.755
  0.868
  1.715
  0.848
  1.676
  2.485
  0.819
  0.000
  0.000
  0.000
  0.783
  0.000
  0.000
  0.758
  1.499
  1.483
  0.000
  0.000
  0.000
  0.000
  0.000
  0.000
  0.000
  0.000
  0.674
  1.335
  0.000
  0.000
  0.000
  0.000
  0.635
  0.000
  2.489
  0.616
  0.610
  1.208
  1.795
  1.185
  0.587
  0.581
  1.152
  1.141
  1.695
  2.239
  0.555
  1.099
  2.177
  1.618
  1.603
  1.059
  2.624
  0.520
  0.515
  2.043
  0.506
  1.505
  1.492
  1.479
  0.977
  0.484
  1.921
  0.476
  2.360
  1.404
  1.392
  1.380
  0.912
  0.905
  1.346
  1.335
  0.882
  1.312
  0.434
  1.721
  0.854
  0.423
  0.840
  0.417
  0.826
  0.820
  1.220
  0.403
  0.400
  0.397
  0.788
  0.782
  0.1048306E+03  0.1048306E+03
  0.000
  0.000
  0.000
  0.000
  0.000
  0.000
  0.000
  0.000
  0.000
  0.000
  0.000
  0.000
  0.000
  0.000
  0.000
  0.000
 93.694
249.885
  0.000
  0.000
  0.000
  0.000
  0.000
  0.000
  0.000
  0.000
  0.000
 33.736
157.054
  0.000
  0.000
  0.000
  0.000
  0.000
  0.000
  0.000
  0.000
  0.000
  0.000
  0.000
  0.000
  0.000
  0.000
  0.000
  0.000
  0.000
  0.000
  0.000
  0.000
  0.000
  0.000
  0.000
  0.000
  0.000
  0.000
  0.000
  0.000
  0.000
  0.000
  0.000
  0.000
  0.000
  0.000
  0.000
  0.000
  0.000
  0.000
  0.000
  0.000
  0.000
  0.000
  0.000
  0.000
  0.000
  0.000
  0.000
  0.000
  0.000
  0.000
  0.000
  0.000
  0.000
  0.000
  0.000
  0.000
  0.000
  0.000
  0.000
  0.000
  0.000
  0.000
  0.000
  0.000
  0.000
  0.000
  0.000
  0.000
  0.000
  0.000
  0.000
  0.000
  0.000
  0.000
  0.000
  0.000
  0.000
  0.000
  0.000
  0.000
  0.000
  0.000
  0.000
  0.000
  0.000
  0.000
  0.000
  0.000
  0.000
  0.000
  0.000
  0.000
  0.000
  0.000
  0.000
  0.000
  0.000
  0.000
  0.000
  0.000
  1.521
  0.000
  0.000
  0.000
  0.000
  1.410
  1.390
  1.369
  1.350
  0.000
  1.311
  0.000
  1.274
  1.257
  1.239
  2.444
  1.205
  0.000
  1.173
  1.157
  0.000
  2.253
  3.335
  2.194
  0.000
  0.000
  0.000
  3.125
  1.029
  3.047
  2.006
  0.991
  1.957
  1.933
  1.909
  0.943
  0.932
  1.841
  0.000
  0.000
  0.888
  1.755
  0.868
  1.715
  0.848
  2.514
  1.657
  0.819
  0.000
  0.000
  0.792
  0.000
  0.000
  0.000
  1.516
  0.750
  1.483
  0.000
  0.000
  0.000
  0.000
  0.000
  0.000
  0.000
  0.000
  0.674
  0.000
  0.661
  0.654
  0.000
  0.000
  0.635
  0.000
  1.867
  0.616
  1.830
  0.000
  1.795
  1.778
  1.174
  0.581
  1.152
  0.000
  2.260
  1.679
  1.109
  1.648
  2.177
  0.539
  1.603
  2.118
  2.099
  0.520
  1.031
  1.532
  0.506
  1.004
  1.989
  0.986
  1.466
  0.484
  1.921
  1.428
  1.416
  1.872
  1.392
  0.920
  0.912
  1.357
  0.897
  1.335
  1.323
  0.875
  0.868
  1.291
  0.427
  0.423
  0.000
  2.083
  0.000
  1.230
  1.220
  0.403
  0.400
  0.397
  0.394
  0.782
