   1   5   1   0  0.1981261E+03  0.5000000E+02
  CAR 
 unknown system                          
   0   0   0
   1   1
 256 256 256
 256
  0.1000000E-09
  0.6250000E-11
  10
  0.2000000E-14  0.9929811E-09  0.9822981E-09  0.1016133E-08
  0.7984449E+02  0.7984449E+02
  0.000
  0.000
  0.000
  0.000
  0.000
  0.000
  0.000
  0.000
  0.000
  0.000
  0.000
  0.000
  0.000
  0.000
  0.000
  0.000
  0.000
337.301
  0.000
  0.000
  0.000
  0.000
  0.000
  0.000
  0.000
  0.000
  0.000
  0.000
158.996
 29.680
  0.000
  0.000
  0.000
  0.000
  0.000
  0.000
  0.000
  0.000
  0.000
  0.000
  0.000
  0.000
  0.000
  0.000
  0.000
  0.000
  0.000
  0.000
  0.000
  0.000
  0.000
  0.000
  0.000
  0.000
  0.000
  0.000
  0.000
  0.000
  0.000
  0.000
  0.000
  0.000
  0.000
  0.000
  0.000
  0.000
  0.000
  0.000
  0.000
  0.000
  0.000
  0.000
  0.000
  0.000
  0.000
  0.000
  0.000
  0.000
  0.000
  0.000
  0.000
  0.000
  0.000
  0.000
  0.000
  0.000
  0.000
  0.000
  0.000
  0.000
  0.000
  0.000
  0.000
  0.000
  0.000
  0.000
  0.000
  0.000
  0.000
  0.000
  0.000
  0.000
  0.000
  0.000
  0.000
  0.000
  0.000
  0.000
  0.000
  0.000
  0.000
  0.000
  0.000
  0.000
  0.000
  0.000
  0.000
  0.000
  0.000
  0.000
  0.000
  0.000
  0.000
  0.000
  0.000
  0.000
  0.000
  0.000
  0.000
  0.000
  0.000
  0.000
  1.471
  1.449
  1.428
  1.407
  0.000
  1.366
  1.347
  0.000
  0.000
  1.290
  1.272
  0.000
  0.000
  0.000
  1.204
  3.562
  1.171
  3.467
  2.281
  0.000
  2.221
  0.000
  1.082
  2.137
  0.000
  1.041
  1.028
  1.015
  2.006
  0.000
  2.935
  3.865
  2.864
  1.886
  0.932
  1.841
  0.000
  0.899
  0.000
  1.757
  0.868
  0.000
  0.000
  0.000
  2.488
  0.820
  0.811
  0.802
  1.586
  0.784
  1.551
  0.000
  0.759
  0.000
  0.000
  0.000
  0.000
  0.000
  0.000
  0.704
  0.000
  0.000
  0.000
  0.676
  0.669
  0.000
  0.000
  0.000
  1.285
  0.636
  0.630
  1.248
  1.235
  1.835
  0.000
  1.200
  0.000
  0.000
  1.749
  2.310
  1.716
  1.133
  1.123
  1.112
  1.102
  1.638
  2.164
  1.072
  2.656
  0.527
  0.522
  2.586
  2.563
  2.032
  0.504
  0.499
  0.495
  0.490
  0.972
  1.928
  0.478
  1.895
  1.409
  2.329
  0.462
  0.916
  0.454
  2.702
  0.893
  0.886
  1.318
  1.743
  0.000
  0.429
  0.000
  1.265
  0.837
  1.245
  1.235
  1.225
  0.000
  0.000
  0.000
  0.791
  0.8593016E+02  0.8593016E+02
  0.000
  0.000
  0.000
  0.000
  0.000
  0.000
  0.000
  0.000
  0.000
  0.000
  0.000
  0.000
  0.000
  0.000
  0.000
  0.000
  0.000
252.976
 75.458
  0.000
  0.000
  0.000
  0.000
  0.000
  0.000
  0.000
  0.000
 34.154
 95.398
 59.360
  0.000
  0.000
  0.000
  0.000
  0.000
  0.000
  0.000
  0.000
  0.000
  0.000
  0.000
  0.000
  0.000
  0.000
  0.000
  0.000
  0.000
  0.000
  0.000
  0.000
  0.000
  0.000
  0.000
  0.000
  0.000
  0.000
  0.000
  0.000
  0.000
  0.000
  0.000
  0.000
  0.000
  0.000
  0.000
  0.000
  0.000
  0.000
  0.000
  0.000
  0.000
  0.000
  0.000
  0.000
  0.000
  0.000
  0.000
  0.000
  0.000
  0.000
  0.000
  0.000
  0.000
  0.000
  0.000
  0.000
  0.000
  0.000
  0.000
  0.000
  0.000
  0.000
  0.000
  0.000
  0.000
  0.000
  0.000
  0.000
  0.000
  0.000
  0.000
  0.000
  0.000
  0.000
  0.000
  0.000
  0.000
  0.000
  0.000
  0.000
  0.000
  0.000
  0.000
  0.000
  0.000
  0.000
  0.000
  0.000
  0.000
  0.000
  0.000
  0.000
  0.000
  0.000
  0.000
  0.000
  0.000
  0.000
  0.000
  0.000
  0.000
  1.494
  0.000
  1.449
  1.428
  1.407
  0.000
  1.366
  1.347
  0.000
  0.000
  2.580
  0.000
  0.000
  0.000
  1.220
  0.000
  3.562
  1.171
  3.467
  2.281
  0.000
  2.221
  0.000
  1.082
  2.137
  0.000
  1.041
  1.028
  1.015
  2.006
  0.990
  1.956
  3.865
  3.818
  0.943
  1.864
  0.921
  0.000
  0.899
  0.000
  0.878
  0.868
  0.858
  0.000
  0.839
  1.658
  0.000
  1.621
  0.802
  0.000
  3.137
  0.000
  1.534
  0.000
  0.000
  0.000
  0.000
  0.000
  0.000
  0.000
  0.704
  0.000
  0.000
  0.683
  0.676
  0.000
  0.000
  0.000
  0.000
  0.000
  1.909
  0.630
  1.248
  1.853
  1.223
  0.606
  0.600
  0.000
  1.177
  0.000
  2.310
  2.860
  0.000
  1.684
  1.112
  1.653
  2.184
  0.541
  2.681
  0.531
  2.106
  0.522
  1.034
  4.100
  1.524
  0.504
  0.499
  0.495
  0.490
  1.945
  0.964
  0.478
  1.421
  1.409
  2.329
  1.386
  0.458
  0.908
  1.351
  1.340
  1.329
  1.318
  1.307
  0.432
  0.429
  0.425
  1.265
  0.418
  1.245
  1.235
  1.225
  0.000
  0.000
  0.000
  0.791
  0.5208746E+02  0.5208746E+02
  0.000
  0.000
  0.000
  0.000
  0.000
  0.000
  0.000
  0.000
  0.000
  0.000
  0.000
  0.000
  0.000
  0.000
  0.000
  0.000
 94.853
168.650
 75.458
  0.000
  0.000
  0.000
  0.000
  0.000
  0.000
  0.000
  0.000
 68.308
 31.799
 89.040
  0.000
  0.000
  0.000
  0.000
  0.000
  0.000
  0.000
  0.000
  0.000
  0.000
  0.000
  0.000
  0.000
  0.000
  0.000
  0.000
  0.000
  0.000
  0.000
  0.000
  0.000
  0.000
  0.000
  0.000
  0.000
  0.000
  0.000
  0.000
  0.000
  0.000
  0.000
  0.000
  0.000
  0.000
  0.000
  0.000
  0.000
  0.000
  0.000
  0.000
  0.000
  0.000
  0.000
  0.000
  0.000
  0.000
  0.000
  0.000
  0.000
  0.000
  0.000
  0.000
  0.000
  0.000
  0.000
  0.000
  0.000
  0.000
  0.000
  0.000
  0.000
  0.000
  0.000
  0.000
  0.000
  0.000
  0.000
  0.000
  0.000
  0.000
  0.000
  0.000
  0.000
  0.000
  0.000
  0.000
  0.000
  0.000
  0.000
  0.000
  0.000
  0.000
  0.000
  0.000
  0.000
  0.000
  0.000
  0.000
  0.000
  0.000
  0.000
  0.000
  0.000
  0.000
  0.000
  0.000
  0.000
  0.000
  0.000
  0.000
  0.000
  1.494
  0.000
  2.899
  0.000
  0.000
  1.386
  0.000
  1.347
  1.327
  1.309
  0.000
  1.272
  0.000
  1.237
  0.000
  0.000
  3.562
  1.171
  3.467
  2.281
  0.000
  1.111
  1.096
  1.082
  2.137
  0.000
  0.000
  1.028
  2.031
  2.006
  1.981
  0.978
  4.832
  2.864
  0.943
  1.864
  0.921
  0.000
  0.899
  0.889
  0.000
  0.000
  0.858
  0.848
  0.839
  1.658
  0.000
  1.621
  0.802
  0.793
  1.568
  0.776
  0.767
  0.759
  0.000
  0.000
  0.000
  0.000
  0.000
  0.000
  0.704
  0.000
  0.000
  0.683
  0.676
  0.000
  0.000
  0.000
  0.000
  0.643
  1.272
  0.630
  1.248
  1.853
  1.223
  0.606
  0.600
  0.000
  1.177
  0.000
  1.732
  2.860
  0.567
  0.561
  2.781
  1.653
  1.092
  2.164
  1.072
  1.594
  1.580
  0.522
  1.034
  3.075
  2.540
  0.504
  0.499
  0.495
  1.471
  0.972
  0.482
  0.956
  0.948
  2.349
  1.863
  1.386
  0.458
  0.908
  1.351
  0.893
  1.772
  1.318
  1.307
  0.432
  0.429
  0.425
  1.687
  0.000
  1.245
  1.235
  0.408
  0.810
  0.000
  0.000
  0.791
  0.1176765E+03  0.1176765E+03
  0.000
  0.000
  0.000
  0.000
  0.000
  0.000
  0.000
  0.000
  0.000
  0.000
  0.000
  0.000
  0.000
  0.000
  0.000
  0.000
  0.000
337.301
  0.000
  0.000
  0.000
  0.000
  0.000
  0.000
  0.000
  0.000
  0.000
 68.308
 95.398
 29.680
  0.000
  0.000
  0.000
  0.000
  0.000
  0.000
  0.000
  0.000
  0.000
  0.000
  0.000
  0.000
  0.000
  0.000
  0.000
  0.000
  0.000
  0.000
  0.000
  0.000
  0.000
  0.000
  0.000
  0.000
  0.000
  0.000
  0.000
  0.000
  0.000
  0.000
  0.000
  0.000
  0.000
  0.000
  0.000
  0.000
  0.000
  0.000
  0.000
  0.000
  0.000
  0.000
  0.000
  0.000
  0.000
  0.000
  0.000
  0.000
  0.000
  0.000
  0.000
  0.000
  0.000
  0.000
  0.000
  0.000
  0.000
  0.000
  0.000
  0.000
  0.000
  0.000
  0.000
  0.000
  0.000
  0.000
  0.000
  0.000
  0.000
  0.000
  0.000
  0.000
  0.000
  0.000
  0.000
  0.000
  0.000
  0.000
  0.000
  0.000
  0.000
  0.000
  0.000
  0.000
  0.000
  0.000
  0.000
  0.000
  0.000
  0.000
  0.000
  0.000
  0.000
  0.000
  0.000
  0.000
  0.000
  0.000
  0.000
  0.000
  0.000
  0.000
  1.471
  2.899
  0.000
  0.000
  1.386
  1.366
  0.000
  1.327
  0.000
  2.580
  0.000
  0.000
  1.237
  0.000
  0.000
  1.187
  4.686
  2.312
  2.281
  0.000
  1.111
  1.096
  1.082
  1.068
  1.055
  0.000
  1.028
  2.031
  2.006
  1.981
  1.956
  4.832
  0.955
  0.943
  2.795
  0.921
  0.000
  0.899
  0.889
  0.000
  0.000
  1.716
  0.000
  0.839
  1.658
  0.820
  1.621
  0.000
  1.586
  0.784
  1.551
  0.767
  0.000
  0.000
  0.000
  0.000
  0.000
  0.000
  0.000
  0.704
  0.000
  0.000
  0.683
  0.000
  0.669
  0.000
  0.000
  0.000
  0.000
  1.272
  0.630
  1.248
  1.853
  1.223
  0.606
  0.600
  0.594
  0.589
  0.583
  1.732
  2.860
  0.567
  0.561
  2.225
  1.653
  1.638
  2.164
  1.608
  1.063
  1.053
  0.522
  1.034
  3.075
  2.540
  1.007
  0.499
  0.495
  0.981
  0.972
  0.964
  0.478
  2.369
  1.409
  1.397
  1.847
  0.916
  0.908
  1.351
  0.447
  2.215
  1.318
  0.871
  0.432
  0.429
  0.425
  1.687
  0.418
  1.245
  0.823
  0.817
  0.405
  0.000
  0.000
  1.187
  0.6285439E+02  0.6285439E+02
  0.000
  0.000
  0.000
  0.000
  0.000
  0.000
  0.000
  0.000
  0.000
  0.000
  0.000
  0.000
  0.000
  0.000
  0.000
  0.000
 94.853
252.976
  0.000
  0.000
  0.000
  0.000
  0.000
  0.000
  0.000
  0.000
  0.000
 68.308
127.197
  0.000
  0.000
  0.000
  0.000
  0.000
  0.000
  0.000
  0.000
  0.000
  0.000
  0.000
  0.000
  0.000
  0.000
  0.000
  0.000
  0.000
  0.000
  0.000
  0.000
  0.000
  0.000
  0.000
  0.000
  0.000
  0.000
  0.000
  0.000
  0.000
  0.000
  0.000
  0.000
  0.000
  0.000
  0.000
  0.000
  0.000
  0.000
  0.000
  0.000
  0.000
  0.000
  0.000
  0.000
  0.000
  0.000
  0.000
  0.000
  0.000
  0.000
  0.000
  0.000
  0.000
  0.000
  0.000
  0.000
  0.000
  0.000
  0.000
  0.000
  0.000
  0.000
  0.000
  0.000
  0.000
  0.000
  0.000
  0.000
  0.000
  0.000
  0.000
  0.000
  0.000
  0.000
  0.000
  0.000
  0.000
  0.000
  0.000
  0.000
  0.000
  0.000
  0.000
  0.000
  0.000
  0.000
  0.000
  0.000
  0.000
  0.000
  0.000
  0.000
  0.000
  0.000
  0.000
  0.000
  0.000
  0.000
  0.000
  0.000
  0.000
  0.000
  0.000
  1.471
  1.449
  1.428
  0.000
  1.386
  1.366
  1.347
  0.000
  0.000
  2.580
  0.000
  0.000
  1.237
  0.000
  0.000
  0.000
  5.857
  2.312
  2.281
  1.125
  0.000
  1.096
  1.082
  1.068
  1.055
  0.000
  1.028
  2.031
  3.008
  0.990
  1.956
  4.832
  0.955
  1.886
  1.864
  0.921
  0.910
  0.899
  0.000
  0.000
  0.868
  0.858
  0.000
  0.000
  2.488
  0.820
  1.621
  0.802
  0.793
  1.568
  1.551
  0.000
  0.000
  0.000
  0.000
  0.000
  0.000
  0.000
  0.000
  0.704
  0.000
  0.000
  0.000
  0.676
  0.669
  0.000
  0.000
  0.000
  0.000
  1.272
  0.630
  0.624
  2.471
  0.612
  1.212
  0.600
  0.594
  0.589
  1.749
  1.155
  2.288
  0.567
  0.000
  2.781
  2.204
  0.546
  2.164
  2.145
  1.063
  1.053
  0.522
  3.103
  0.513
  3.048
  1.007
  0.499
  0.989
  0.490
  0.972
  0.964
  1.434
  2.369
  0.939
  0.932
  1.847
  0.916
  0.908
  1.801
  0.000
  2.657
  1.318
  0.436
  0.432
  0.429
  0.425
  1.265
  1.255
  0.415
  1.647
  0.408
  0.405
  0.000
  0.000
  0.791
  0.1387291E+03  0.1387291E+03
  0.000
  0.000
  0.000
  0.000
  0.000
  0.000
  0.000
  0.000
  0.000
  0.000
  0.000
  0.000
  0.000
  0.000
  0.000
  0.000
 94.853
252.976
  0.000
  0.000
  0.000
  0.000
  0.000
  0.000
  0.000
  0.000
  0.000
 68.308
 63.599
 59.360
  0.000
  0.000
  0.000
  0.000
  0.000
  0.000
  0.000
  0.000
  0.000
  0.000
  0.000
  0.000
  0.000
  0.000
  0.000
  0.000
  0.000
  0.000
  0.000
  0.000
  0.000
  0.000
  0.000
  0.000
  0.000
  0.000
  0.000
  0.000
  0.000
  0.000
  0.000
  0.000
  0.000
  0.000
  0.000
  0.000
  0.000
  0.000
  0.000
  0.000
  0.000
  0.000
  0.000
  0.000
  0.000
  0.000
  0.000
  0.000
  0.000
  0.000
  0.000
  0.000
  0.000
  0.000
  0.000
  0.000
  0.000
  0.000
  0.000
  0.000
  0.000
  0.000
  0.000
  0.000
  0.000
  0.000
  0.000
  0.000
  0.000
  0.000
  0.000
  0.000
  0.000
  0.000
  0.000
  0.000
  0.000
  0.000
  0.000
  0.000
  0.000
  0.000
  0.000
  0.000
  0.000
  0.000
  0.000
  0.000
  0.000
  0.000
  0.000
  0.000
  0.000
  0.000
  0.000
  0.000
  0.000
  0.000
  0.000
  0.000
  0.000
  0.000
  2.943
  1.449
  0.000
  0.000
  1.386
  1.366
  1.347
  0.000
  1.309
  0.000
  1.272
  1.254
  0.000
  0.000
  0.000
  0.000
  3.514
  4.623
  2.281
  1.125
  0.000
  1.096
  1.082
  1.068
  0.000
  1.041
  0.000
  4.062
  2.006
  0.990
  1.956
  3.865
  0.955
  2.829
  2.795
  0.000
  1.820
  0.000
  0.000
  0.000
  0.000
  0.858
  0.848
  0.839
  0.000
  2.460
  0.811
  0.802
  0.793
  1.568
  0.776
  1.534
  0.000
  0.000
  0.000
  0.000
  0.000
  0.000
  0.000
  0.704
  0.000
  0.000
  0.683
  0.676
  0.000
  0.000
  0.000
  0.000
  0.643
  0.636
  0.000
  2.495
  1.853
  1.223
  0.606
  0.000
  0.000
  1.177
  1.749
  1.155
  1.716
  0.567
  1.123
  2.781
  1.653
  1.638
  1.623
  1.072
  1.063
  1.580
  1.044
  2.069
  1.538
  2.540
  0.504
  0.998
  0.989
  0.490
  0.972
  0.482
  1.911
  1.895
  0.939
  1.397
  1.847
  0.916
  0.908
  0.450
  1.340
  1.772
  2.196
  0.436
  0.000
  1.286
  0.000
  1.687
  0.418
  1.245
  1.235
  0.000
  0.810
  0.000
  0.399
  0.791
  0.9148157E+02  0.9148157E+02
  0.000
  0.000
  0.000
  0.000
  0.000
  0.000
  0.000
  0.000
  0.000
  0.000
  0.000
  0.000
  0.000
  0.000
  0.000
  0.000
  0.000
252.976
 75.458
  0.000
  0.000
  0.000
  0.000
  0.000
  0.000
  0.000
  0.000
 34.154
 95.398
 29.680
 27.766
  0.000
  0.000
  0.000
  0.000
  0.000
  0.000
  0.000
  0.000
  0.000
  0.000
  0.000
  0.000
  0.000
  0.000
  0.000
  0.000
  0.000
  0.000
  0.000
  0.000
  0.000
  0.000
  0.000
  0.000
  0.000
  0.000
  0.000
  0.000
  0.000
  0.000
  0.000
  0.000
  0.000
  0.000
  0.000
  0.000
  0.000
  0.000
  0.000
  0.000
  0.000
  0.000
  0.000
  0.000
  0.000
  0.000
  0.000
  0.000
  0.000
  0.000
  0.000
  0.000
  0.000
  0.000
  0.000
  0.000
  0.000
  0.000
  0.000
  0.000
  0.000
  0.000
  0.000
  0.000
  0.000
  0.000
  0.000
  0.000
  0.000
  0.000
  0.000
  0.000
  0.000
  0.000
  0.000
  0.000
  0.000
  0.000
  0.000
  0.000
  0.000
  0.000
  0.000
  0.000
  0.000
  0.000
  0.000
  0.000
  0.000
  0.000
  0.000
  0.000
  0.000
  0.000
  0.000
  0.000
  0.000
  0.000
  0.000
  0.000
  0.000
  2.943
  1.449
  0.000
  0.000
  2.773
  0.000
  1.347
  0.000
  1.309
  1.290
  0.000
  1.254
  0.000
  0.000
  0.000
  1.187
  2.343
  2.312
  4.562
  1.125
  0.000
  2.193
  0.000
  1.068
  0.000
  1.041
  1.028
  1.015
  4.011
  1.981
  0.978
  2.899
  1.909
  2.829
  2.795
  0.000
  1.820
  0.000
  0.000
  0.000
  0.000
  0.000
  1.697
  0.000
  0.829
  2.460
  0.811
  0.802
  0.793
  0.784
  1.551
  1.534
  0.000
  0.000
  0.000
  0.000
  0.000
  0.000
  0.000
  0.000
  0.697
  0.690
  0.683
  0.000
  0.000
  0.000
  0.000
  0.000
  0.643
  0.636
  1.260
  1.871
  0.618
  1.835
  0.606
  0.000
  0.000
  1.766
  1.166
  1.732
  0.572
  1.700
  1.684
  2.225
  1.102
  1.638
  1.623
  1.072
  0.531
  2.106
  1.565
  1.034
  2.050
  2.032
  1.007
  0.499
  0.989
  0.490
  1.459
  0.000
  1.434
  2.369
  0.939
  1.863
  1.386
  0.916
  0.908
  0.450
  2.680
  0.000
  1.757
  1.743
  0.864
  0.000
  0.850
  1.265
  0.418
  0.830
  1.235
  0.408
  0.405
  0.804
  0.000
  0.396
  0.1539197E+03  0.1539197E+03
  0.000
  0.000
  0.000
  0.000
  0.000
  0.000
  0.000
  0.000
  0.000
  0.000
  0.000
  0.000
  0.000
  0.000
  0.000
  0.000
  0.000
337.301
  0.000
  0.000
  0.000
  0.000
  0.000
  0.000
  0.000
  0.000
  0.000
 68.308
 63.599
 59.360
  0.000
  0.000
  0.000
  0.000
  0.000
  0.000
  0.000
  0.000
  0.000
  0.000
  0.000
  0.000
  0.000
  0.000
  0.000
  0.000
  0.000
  0.000
  0.000
  0.000
  0.000
  0.000
  0.000
  0.000
  0.000
  0.000
  0.000
  0.000
  0.000
  0.000
  0.000
  0.000
  0.000
  0.000
  0.000
  0.000
  0.000
  0.000
  0.000
  0.000
  0.000
  0.000
  0.000
  0.000
  0.000
  0.000
  0.000
  0.000
  0.000
  0.000
  0.000
  0.000
  0.000
  0.000
  0.000
  0.000
  0.000
  0.000
  0.000
  0.000
  0.000
  0.000
  0.000
  0.000
  0.000
  0.000
  0.000
  0.000
  0.000
  0.000
  0.000
  0.000
  0.000
  0.000
  0.000
  0.000
  0.000
  0.000
  0.000
  0.000
  0.000
  0.000
  0.000
  0.000
  0.000
  0.000
  0.000
  0.000
  0.000
  0.000
  0.000
  0.000
  0.000
  0.000
  0.000
  0.000
  0.000
  0.000
  0.000
  0.000
  0.000
  0.000
  0.000
  2.899
  1.428
  1.407
  1.386
  1.366
  0.000
  0.000
  0.000
  2.580
  0.000
  0.000
  1.237
  0.000
  0.000
  2.375
  1.171
  2.312
  4.562
  0.000
  1.111
  2.193
  1.082
  0.000
  0.000
  1.041
  0.000
  2.031
  4.011
  1.981
  2.935
  1.933
  0.955
  2.829
  2.795
  0.000
  1.820
  0.000
  0.000
  0.000
  0.000
  1.716
  0.000
  0.000
  0.829
  2.460
  0.811
  0.802
  0.793
  1.568
  1.551
  0.767
  0.000
  0.000
  0.000
  0.000
  0.000
  0.000
  0.000
  0.704
  0.000
  0.000
  0.683
  0.676
  0.000
  0.000
  0.000
  0.649
  0.000
  0.000
  1.890
  1.248
  0.618
  0.612
  1.817
  0.600
  0.594
  0.589
  2.332
  0.577
  1.716
  1.700
  1.123
  2.225
  1.653
  0.000
  2.164
  1.072
  1.594
  1.580
  1.565
  1.551
  2.563
  1.524
  0.504
  0.000
  1.979
  0.000
  0.972
  0.964
  0.956
  1.895
  1.879
  1.863
  0.924
  0.916
  1.362
  0.901
  2.233
  0.443
  1.757
  0.871
  0.432
  0.857
  0.000
  0.843
  1.255
  1.245
  0.823
  0.817
  0.405
  0.000
  0.399
  0.791
  0.1582364E+03  0.1582364E+03
  0.000
  0.000
  0.000
  0.000
  0.000
  0.000
  0.000
  0.000
  0.000
  0.000
  0.000
  0.000
  0.000
  0.000
  0.000
  0.000
  0.000
337.301
  0.000
  0.000
  0.000
  0.000
  0.000
  0.000
  0.000
  0.000
  0.000
 68.308
 63.599
 59.360
  0.000
  0.000
  0.000
  0.000
  0.000
  0.000
  0.000
  0.000
  0.000
  0.000
  0.000
  0.000
  0.000
  0.000
  0.000
  0.000
  0.000
  0.000
  0.000
  0.000
  0.000
  0.000
  0.000
  0.000
  0.000
  0.000
  0.000
  0.000
  0.000
  0.000
  0.000
  0.000
  0.000
  0.000
  0.000
  0.000
  0.000
  0.000
  0.000
  0.000
  0.000
  0.000
  0.000
  0.000
  0.000
  0.000
  0.000
  0.000
  0.000
  0.000
  0.000
  0.000
  0.000
  0.000
  0.000
  0.000
  0.000
  0.000
  0.000
  0.000
  0.000
  0.000
  0.000
  0.000
  0.000
  0.000
  0.000
  0.000
  0.000
  0.000
  0.000
  0.000
  0.000
  0.000
  0.000
  0.000
  0.000
  0.000
  0.000
  0.000
  0.000
  0.000
  0.000
  0.000
  0.000
  0.000
  0.000
  0.000
  0.000
  0.000
  0.000
  0.000
  0.000
  0.000
  0.000
  0.000
  0.000
  0.000
  0.000
  0.000
  0.000
  0.000
  0.000
  2.899
  1.428
  1.407
  1.386
  1.366
  0.000
  0.000
  0.000
  2.580
  0.000
  0.000
  1.237
  0.000
  0.000
  0.000
  3.514
  2.312
  3.421
  1.125
  2.221
  1.096
  1.082
  0.000
  0.000
  1.041
  2.056
  0.000
  3.008
  1.981
  2.935
  2.899
  0.955
  2.829
  2.795
  0.921
  0.910
  0.000
  0.000
  0.000
  0.000
  1.716
  0.000
  0.000
  0.829
  2.460
  0.811
  0.802
  1.586
  0.000
  2.327
  0.767
  0.000
  0.000
  0.000
  0.000
  0.000
  0.000
  0.000
  0.704
  0.000
  0.000
  0.683
  0.000
  0.669
  0.000
  0.000
  0.649
  0.000
  1.272
  0.630
  0.000
  1.853
  0.000
  1.817
  1.200
  1.188
  0.000
  2.332
  0.577
  2.860
  0.567
  2.246
  1.112
  1.653
  0.546
  1.082
  1.072
  1.594
  2.106
  2.087
  2.586
  1.538
  1.524
  0.000
  0.499
  1.484
  0.490
  0.486
  0.482
  1.911
  0.474
  3.288
  0.932
  1.386
  0.916
  1.362
  2.252
  0.893
  0.886
  1.318
  0.871
  0.864
  0.429
  0.000
  0.843
  0.418
  2.075
  0.823
  0.817
  0.405
  0.000
  0.000
  1.187
  0.1118214E+03  0.1118214E+03
  0.000
  0.000
  0.000
  0.000
  0.000
  0.000
  0.000
  0.000
  0.000
  0.000
  0.000
  0.000
  0.000
  0.000
  0.000
  0.000
  0.000
168.650
150.915
  0.000
  0.000
  0.000
  0.000
  0.000
  0.000
  0.000
  0.000
  0.000
 95.398
 89.040
  0.000
  0.000
  0.000
  0.000
  0.000
  0.000
  0.000
  0.000
  0.000
  0.000
  0.000
  0.000
  0.000
  0.000
  0.000
  0.000
  0.000
  0.000
  0.000
  0.000
  0.000
  0.000
  0.000
  0.000
  0.000
  0.000
  0.000
  0.000
  0.000
  0.000
  0.000
  0.000
  0.000
  0.000
  0.000
  0.000
  0.000
  0.000
  0.000
  0.000
  0.000
  0.000
  0.000
  0.000
  0.000
  0.000
  0.000
  0.000
  0.000
  0.000
  0.000
  0.000
  0.000
  0.000
  0.000
  0.000
  0.000
  0.000
  0.000
  0.000
  0.000
  0.000
  0.000
  0.000
  0.000
  0.000
  0.000
  0.000
  0.000
  0.000
  0.000
  0.000
  0.000
  0.000
  0.000
  0.000
  0.000
  0.000
  0.000
  0.000
  0.000
  0.000
  0.000
  0.000
  0.000
  0.000
  0.000
  0.000
  0.000
  0.000
  0.000
  0.000
  0.000
  0.000
  0.000
  0.000
  0.000
  0.000
  0.000
  0.000
  0.000
  1.494
  0.000
  1.449
  1.428
  1.407
  2.773
  0.000
  0.000
  0.000
  1.309
  1.290
  0.000
  1.254
  0.000
  0.000
  0.000
  1.187
  2.343
  3.467
  1.140
  1.125
  3.332
  2.193
  0.000
  0.000
  0.000
  2.083
  1.028
  1.015
  2.006
  0.990
  3.913
  2.899
  1.909
  0.943
  1.864
  2.762
  0.000
  0.899
  0.000
  0.000
  0.000
  0.000
  1.697
  0.000
  1.658
  1.640
  0.811
  0.802
  0.793
  0.784
  0.776
  1.534
  0.759
  0.000
  0.000
  0.000
  0.000
  0.000
  0.000
  0.704
  0.000
  0.690
  0.000
  0.676
  0.000
  0.000
  0.000
  0.649
  0.000
  1.909
  0.000
  0.000
  1.235
  1.835
  0.606
  2.400
  0.000
  0.000
  2.332
  0.577
  2.288
  1.700
  2.246
  0.556
  2.204
  0.546
  1.082
  0.536
  1.063
  2.633
  1.565
  2.586
  2.050
  1.524
  0.000
  0.998
  0.495
  0.981
  0.486
  0.000
  1.911
  0.474
  2.818
  1.397
  0.924
  2.290
  0.454
  1.351
  2.233
  0.443
  1.757
  0.436
  0.432
  1.286
  0.000
  1.265
  0.418
  0.830
  1.235
  1.225
  0.405
  0.000
  0.000
  1.187
