   1   5   1   0  0.2138418E+03  0.5000000E+02
  CAR 
 unknown system                          
   0   0   0
   1   1
 256 256 256
 256
  0.1000000E-09
  0.6250000E-11
  10
  0.2000000E-14  0.1022942E-08  0.1019144E-08  0.1026194E-08
  0.1056986E+03  0.1056986E+03
  0.000
  0.000
  0.000
  0.000
  0.000
  0.000
  0.000
  0.000
  0.000
  0.000
  0.000
  0.000
  0.000
  0.000
  0.000
  0.000
  0.000
182.028
162.886
  0.000
  0.000
  0.000
  0.000
  0.000
  0.000
  0.000
  0.000
  0.000
  0.000
192.207
  0.000
  0.000
  0.000
  0.000
  0.000
  0.000
  0.000
  0.000
  0.000
  0.000
  0.000
  0.000
  0.000
  0.000
  0.000
  0.000
  0.000
  0.000
  0.000
  0.000
  0.000
  0.000
  0.000
  0.000
  0.000
  0.000
  0.000
  0.000
  0.000
  0.000
  0.000
  0.000
  0.000
  0.000
  0.000
  0.000
  0.000
  0.000
  0.000
  0.000
  0.000
  0.000
  0.000
  0.000
  0.000
  0.000
  0.000
  0.000
  0.000
  0.000
  0.000
  0.000
  0.000
  0.000
  0.000
  0.000
  0.000
  0.000
  0.000
  0.000
  0.000
  0.000
  0.000
  0.000
  0.000
  0.000
  0.000
  0.000
  0.000
  0.000
  0.000
  0.000
  0.000
  0.000
  0.000
  0.000
  0.000
  0.000
  0.000
  0.000
  0.000
  0.000
  0.000
  0.000
  0.000
  0.000
  0.000
  0.000
  0.000
  0.000
  0.000
  0.000
  0.000
  0.000
  0.000
  0.000
  0.000
  0.000
  0.000
  0.000
  0.000
  0.000
  0.000
  0.000
  1.541
  0.000
  0.000
  0.000
  2.907
  1.433
  0.000
  1.392
  0.000
  1.354
  0.000
  0.000
  1.299
  1.281
  1.264
  2.495
  2.462
  0.000
  0.000
  2.367
  2.336
  2.306
  1.138
  0.000
  1.110
  0.000
  1.082
  1.069
  1.056
  1.043
  4.121
  3.054
  3.017
  0.000
  2.946
  0.000
  1.918
  0.000
  1.874
  0.926
  0.000
  0.905
  0.895
  0.000
  0.875
  4.327
  0.000
  0.846
  1.674
  0.000
  0.000
  0.000
  0.802
  0.000
  1.569
  0.776
  0.768
  0.000
  0.000
  0.745
  0.000
  0.000
  0.000
  0.000
  0.000
  0.000
  0.000
  0.000
  1.360
  0.000
  1.333
  0.660
  0.654
  0.000
  0.641
  0.635
  0.000
  1.247
  0.617
  2.447
  1.212
  2.401
  1.784
  1.179
  0.000
  1.157
  1.720
  1.137
  2.253
  1.116
  1.660
  1.097
  2.174
  0.539
  1.602
  0.529
  1.574
  0.520
  1.547
  0.511
  1.014
  2.514
  1.994
  1.483
  0.980
  1.458
  0.482
  0.956
  1.422
  2.821
  0.466
  1.388
  1.377
  0.455
  0.451
  0.896
  1.333
  0.882
  0.437
  1.302
  1.291
  0.427
  0.1363512E+03  0.1363512E+03
  0.000
  0.000
  0.000
  0.000
  0.000
  0.000
  0.000
  0.000
  0.000
  0.000
  0.000
  0.000
  0.000
  0.000
  0.000
  0.000
102.377
273.042
  0.000
  0.000
  0.000
  0.000
  0.000
  0.000
  0.000
  0.000
  0.000
 36.863
171.608
  0.000
  0.000
  0.000
  0.000
  0.000
  0.000
  0.000
  0.000
  0.000
  0.000
  0.000
  0.000
  0.000
  0.000
  0.000
  0.000
  0.000
  0.000
  0.000
  0.000
  0.000
  0.000
  0.000
  0.000
  0.000
  0.000
  0.000
  0.000
  0.000
  0.000
  0.000
  0.000
  0.000
  0.000
  0.000
  0.000
  0.000
  0.000
  0.000
  0.000
  0.000
  0.000
  0.000
  0.000
  0.000
  0.000
  0.000
  0.000
  0.000
  0.000
  0.000
  0.000
  0.000
  0.000
  0.000
  0.000
  0.000
  0.000
  0.000
  0.000
  0.000
  0.000
  0.000
  0.000
  0.000
  0.000
  0.000
  0.000
  0.000
  0.000
  0.000
  0.000
  0.000
  0.000
  0.000
  0.000
  0.000
  0.000
  0.000
  0.000
  0.000
  0.000
  0.000
  0.000
  0.000
  0.000
  0.000
  0.000
  0.000
  0.000
  0.000
  0.000
  0.000
  0.000
  0.000
  0.000
  0.000
  0.000
  0.000
  0.000
  0.000
  0.000
  0.000
  0.000
  0.000
  0.000
  1.519
  0.000
  0.000
  1.453
  2.865
  0.000
  1.392
  0.000
  0.000
  1.335
  0.000
  1.299
  1.281
  0.000
  1.247
  4.924
  0.000
  0.000
  2.367
  2.336
  2.306
  1.138
  0.000
  1.110
  0.000
  0.000
  2.138
  1.056
  1.043
  4.121
  3.054
  3.017
  1.987
  0.982
  0.000
  1.918
  0.948
  0.937
  0.926
  0.916
  0.905
  0.000
  0.000
  1.750
  3.461
  1.712
  0.846
  0.000
  0.000
  0.819
  0.000
  0.000
  1.586
  0.785
  0.776
  0.000
  0.000
  0.752
  0.000
  0.000
  0.000
  0.000
  0.000
  0.000
  0.000
  0.000
  0.000
  0.680
  0.000
  1.333
  0.660
  0.654
  0.648
  0.000
  1.270
  0.000
  0.000
  1.235
  2.447
  0.606
  1.801
  2.379
  2.357
  0.000
  0.579
  2.294
  0.568
  1.126
  2.233
  2.766
  0.548
  1.087
  2.155
  1.068
  0.529
  1.574
  0.520
  1.032
  1.023
  2.028
  1.508
  1.495
  2.471
  0.980
  0.486
  1.446
  1.434
  1.896
  1.881
  0.933
  0.925
  0.918
  0.910
  0.903
  0.896
  0.889
  0.882
  0.437
  1.302
  1.722
  0.000
  0.7485645E+02  0.7485645E+02
  0.000
  0.000
  0.000
  0.000
  0.000
  0.000
  0.000
  0.000
  0.000
  0.000
  0.000
  0.000
  0.000
  0.000
  0.000
  0.000
204.754
182.028
  0.000
  0.000
  0.000
  0.000
  0.000
  0.000
  0.000
  0.000
 39.697
 73.726
102.965
  0.000
  0.000
  0.000
  0.000
  0.000
  0.000
  0.000
  0.000
  0.000
  0.000
  0.000
  0.000
  0.000
  0.000
  0.000
  0.000
  0.000
  0.000
  0.000
  0.000
  0.000
  0.000
  0.000
  0.000
  0.000
  0.000
  0.000
  0.000
  0.000
  0.000
  0.000
  0.000
  0.000
  0.000
  0.000
  0.000
  0.000
  0.000
  0.000
  0.000
  0.000
  0.000
  0.000
  0.000
  0.000
  0.000
  0.000
  0.000
  0.000
  0.000
  0.000
  0.000
  0.000
  0.000
  0.000
  0.000
  0.000
  0.000
  0.000
  0.000
  0.000
  0.000
  0.000
  0.000
  0.000
  0.000
  0.000
  0.000
  0.000
  0.000
  0.000
  0.000
  0.000
  0.000
  0.000
  0.000
  0.000
  0.000
  0.000
  0.000
  0.000
  0.000
  0.000
  0.000
  0.000
  0.000
  0.000
  0.000
  0.000
  0.000
  0.000
  0.000
  0.000
  0.000
  0.000
  0.000
  0.000
  0.000
  0.000
  0.000
  0.000
  0.000
  0.000
  0.000
  0.000
  0.000
  0.000
  1.496
  0.000
  1.453
  1.433
  1.412
  1.392
  0.000
  0.000
  0.000
  1.317
  0.000
  2.563
  0.000
  0.000
  3.693
  2.429
  1.199
  1.183
  2.336
  2.306
  1.138
  1.124
  0.000
  0.000
  0.000
  1.069
  3.167
  0.000
  3.091
  5.090
  1.006
  2.981
  0.000
  0.970
  0.959
  0.948
  1.874
  0.926
  0.916
  0.905
  0.000
  0.000
  4.375
  1.731
  1.712
  0.000
  0.000
  0.000
  0.819
  0.000
  0.000
  1.586
  1.569
  0.000
  0.000
  0.760
  0.000
  0.000
  0.000
  0.000
  0.000
  0.000
  0.000
  0.000
  0.000
  0.000
  0.680
  0.000
  0.000
  1.981
  0.654
  0.648
  0.000
  1.270
  0.000
  0.000
  1.235
  2.447
  0.606
  1.201
  1.190
  3.536
  0.584
  0.579
  1.147
  1.137
  1.126
  2.791
  2.213
  1.097
  1.087
  2.155
  1.068
  0.529
  1.574
  0.000
  2.063
  1.023
  2.028
  1.005
  1.994
  2.471
  0.490
  0.486
  2.410
  1.434
  0.948
  1.411
  0.933
  1.850
  0.918
  0.455
  1.354
  0.896
  0.889
  0.441
  1.312
  0.434
  1.291
  0.427
  0.2728757E+03  0.2728757E+03
  0.000
  0.000
  0.000
  0.000
  0.000
  0.000
  0.000
  0.000
  0.000
  0.000
  0.000
  0.000
  0.000
  0.000
  0.000
  0.000
  0.000
273.042
 81.443
  0.000
  0.000
  0.000
  0.000
  0.000
  0.000
  0.000
  0.000
 36.863
102.965
 64.069
  0.000
  0.000
  0.000
  0.000
  0.000
  0.000
  0.000
  0.000
  0.000
  0.000
  0.000
  0.000
  0.000
  0.000
  0.000
  0.000
  0.000
  0.000
  0.000
  0.000
  0.000
  0.000
  0.000
  0.000
  0.000
  0.000
  0.000
  0.000
  0.000
  0.000
  0.000
  0.000
  0.000
  0.000
  0.000
  0.000
  0.000
  0.000
  0.000
  0.000
  0.000
  0.000
  0.000
  0.000
  0.000
  0.000
  0.000
  0.000
  0.000
  0.000
  0.000
  0.000
  0.000
  0.000
  0.000
  0.000
  0.000
  0.000
  0.000
  0.000
  0.000
  0.000
  0.000
  0.000
  0.000
  0.000
  0.000
  0.000
  0.000
  0.000
  0.000
  0.000
  0.000
  0.000
  0.000
  0.000
  0.000
  0.000
  0.000
  0.000
  0.000
  0.000
  0.000
  0.000
  0.000
  0.000
  0.000
  0.000
  0.000
  0.000
  0.000
  0.000
  0.000
  0.000
  0.000
  0.000
  0.000
  0.000
  0.000
  0.000
  0.000
  0.000
  0.000
  0.000
  0.000
  0.000
  1.496
  0.000
  1.453
  2.865
  1.412
  0.000
  0.000
  1.354
  0.000
  1.317
  0.000
  1.281
  0.000
  1.247
  2.462
  2.429
  0.000
  1.183
  3.504
  2.306
  0.000
  1.124
  1.110
  0.000
  0.000
  1.069
  2.112
  1.043
  1.030
  8.143
  1.006
  1.987
  0.982
  0.000
  1.918
  0.948
  1.874
  0.000
  0.000
  1.810
  0.000
  0.885
  0.875
  3.461
  0.856
  1.693
  0.000
  0.000
  0.000
  0.000
  0.802
  0.000
  2.354
  0.776
  0.000
  0.760
  0.000
  0.000
  0.000
  0.000
  0.000
  0.000
  0.000
  0.000
  0.000
  0.000
  0.000
  1.346
  0.667
  1.320
  0.654
  0.000
  0.641
  0.000
  0.629
  0.000
  1.235
  1.835
  2.424
  0.600
  2.974
  1.768
  0.000
  0.579
  1.147
  1.137
  4.505
  0.000
  1.106
  2.741
  0.543
  2.155
  0.000
  1.059
  0.525
  1.561
  1.032
  1.534
  2.535
  0.503
  1.495
  2.471
  0.000
  0.972
  2.892
  0.000
  2.371
  0.940
  0.933
  1.850
  0.459
  1.365
  0.903
  0.896
  0.889
  0.882
  0.437
  1.302
  1.291
  0.427
  0.7442370E+02  0.7442370E+02
  0.000
  0.000
  0.000
  0.000
  0.000
  0.000
  0.000
  0.000
  0.000
  0.000
  0.000
  0.000
  0.000
  0.000
  0.000
  0.000
  0.000
182.028
 81.443
 73.306
  0.000
  0.000
  0.000
  0.000
  0.000
  0.000
  0.000
  0.000
 68.643
 64.069
 59.937
  0.000
  0.000
  0.000
  0.000
  0.000
  0.000
  0.000
  0.000
  0.000
  0.000
  0.000
  0.000
  0.000
  0.000
  0.000
  0.000
  0.000
  0.000
  0.000
  0.000
  0.000
  0.000
  0.000
  0.000
  0.000
  0.000
  0.000
  0.000
  0.000
  0.000
  0.000
  0.000
  0.000
  0.000
  0.000
  0.000
  0.000
  0.000
  0.000
  0.000
  0.000
  0.000
  0.000
  0.000
  0.000
  0.000
  0.000
  0.000
  0.000
  0.000
  0.000
  0.000
  0.000
  0.000
  0.000
  0.000
  0.000
  0.000
  0.000
  0.000
  0.000
  0.000
  0.000
  0.000
  0.000
  0.000
  0.000
  0.000
  0.000
  0.000
  0.000
  0.000
  0.000
  0.000
  0.000
  0.000
  0.000
  0.000
  0.000
  0.000
  0.000
  0.000
  0.000
  0.000
  0.000
  0.000
  0.000
  0.000
  0.000
  0.000
  0.000
  0.000
  0.000
  0.000
  0.000
  0.000
  0.000
  0.000
  0.000
  0.000
  0.000
  0.000
  0.000
  0.000
  1.519
  0.000
  0.000
  4.360
  1.433
  0.000
  0.000
  1.373
  0.000
  1.335
  0.000
  1.299
  0.000
  1.264
  0.000
  3.693
  1.215
  0.000
  2.367
  1.168
  3.459
  0.000
  1.124
  1.110
  0.000
  0.000
  1.069
  1.056
  2.086
  1.030
  6.107
  3.017
  0.994
  1.964
  0.970
  0.959
  0.948
  0.937
  0.926
  0.000
  1.810
  0.000
  0.885
  0.875
  1.731
  1.712
  0.846
  1.674
  0.000
  0.000
  0.000
  0.000
  0.793
  0.785
  1.553
  0.768
  0.000
  0.752
  0.000
  0.000
  0.000
  0.000
  0.000
  0.000
  0.000
  0.000
  0.000
  1.360
  0.673
  1.333
  0.660
  0.000
  0.648
  0.000
  0.635
  0.000
  1.247
  0.617
  1.223
  3.030
  0.600
  2.974
  1.179
  0.584
  0.000
  1.147
  2.841
  2.816
  0.000
  1.106
  2.741
  1.087
  1.616
  0.000
  1.059
  0.525
  1.561
  1.032
  1.534
  1.521
  1.508
  1.495
  1.977
  0.490
  0.000
  2.410
  1.434
  0.000
  2.821
  0.466
  2.313
  0.459
  1.365
  1.354
  0.896
  0.444
  0.441
  1.749
  0.868
  1.291
  0.000
  0.1901772E+03  0.1901772E+03
  0.000
  0.000
  0.000
  0.000
  0.000
  0.000
  0.000
  0.000
  0.000
  0.000
  0.000
  0.000
  0.000
  0.000
  0.000
  0.000
  0.000
273.042
 81.443
  0.000
  0.000
  0.000
  0.000
  0.000
  0.000
  0.000
  0.000
  0.000
 68.643
 96.103
 29.968
  0.000
  0.000
  0.000
  0.000
  0.000
  0.000
  0.000
  0.000
  0.000
  0.000
  0.000
  0.000
  0.000
  0.000
  0.000
  0.000
  0.000
  0.000
  0.000
  0.000
  0.000
  0.000
  0.000
  0.000
  0.000
  0.000
  0.000
  0.000
  0.000
  0.000
  0.000
  0.000
  0.000
  0.000
  0.000
  0.000
  0.000
  0.000
  0.000
  0.000
  0.000
  0.000
  0.000
  0.000
  0.000
  0.000
  0.000
  0.000
  0.000
  0.000
  0.000
  0.000
  0.000
  0.000
  0.000
  0.000
  0.000
  0.000
  0.000
  0.000
  0.000
  0.000
  0.000
  0.000
  0.000
  0.000
  0.000
  0.000
  0.000
  0.000
  0.000
  0.000
  0.000
  0.000
  0.000
  0.000
  0.000
  0.000
  0.000
  0.000
  0.000
  0.000
  0.000
  0.000
  0.000
  0.000
  0.000
  0.000
  0.000
  0.000
  0.000
  0.000
  0.000
  0.000
  0.000
  0.000
  0.000
  0.000
  0.000
  0.000
  0.000
  0.000
  0.000
  0.000
  1.519
  0.000
  1.475
  0.000
  4.298
  0.000
  0.000
  1.373
  0.000
  0.000
  1.317
  1.299
  0.000
  0.000
  2.495
  2.462
  1.215
  0.000
  3.550
  1.168
  1.153
  1.138
  1.124
  1.110
  0.000
  1.082
  0.000
  0.000
  4.172
  1.030
  5.090
  2.011
  1.987
  1.964
  0.970
  0.959
  1.896
  0.000
  0.926
  0.916
  0.000
  0.895
  0.000
  0.875
  3.461
  0.856
  1.693
  0.837
  0.000
  0.000
  0.000
  0.000
  0.793
  0.785
  2.329
  0.000
  0.000
  0.752
  0.000
  0.000
  0.000
  0.000
  0.000
  0.000
  0.000
  0.000
  0.687
  0.680
  0.673
  0.667
  0.660
  0.654
  0.000
  1.283
  0.000
  0.000
  1.247
  1.235
  1.223
  1.212
  2.401
  1.190
  2.357
  0.584
  0.000
  1.720
  1.705
  2.253
  1.116
  2.213
  2.193
  1.087
  1.077
  0.000
  1.059
  0.525
  2.081
  0.000
  1.534
  1.521
  2.514
  1.495
  1.977
  0.000
  1.458
  0.964
  0.956
  1.896
  0.470
  1.866
  1.388
  0.918
  0.910
  1.806
  0.896
  0.444
  0.882
  0.437
  2.603
  0.430
  0.000
  0.2110230E+03  0.2110230E+03
  0.000
  0.000
  0.000
  0.000
  0.000
  0.000
  0.000
  0.000
  0.000
  0.000
  0.000
  0.000
  0.000
  0.000
  0.000
  0.000
102.377
182.028
 81.443
  0.000
  0.000
  0.000
  0.000
  0.000
  0.000
  0.000
  0.000
 36.863
137.287
 32.034
  0.000
  0.000
  0.000
  0.000
  0.000
  0.000
  0.000
  0.000
  0.000
  0.000
  0.000
  0.000
  0.000
  0.000
  0.000
  0.000
  0.000
  0.000
  0.000
  0.000
  0.000
  0.000
  0.000
  0.000
  0.000
  0.000
  0.000
  0.000
  0.000
  0.000
  0.000
  0.000
  0.000
  0.000
  0.000
  0.000
  0.000
  0.000
  0.000
  0.000
  0.000
  0.000
  0.000
  0.000
  0.000
  0.000
  0.000
  0.000
  0.000
  0.000
  0.000
  0.000
  0.000
  0.000
  0.000
  0.000
  0.000
  0.000
  0.000
  0.000
  0.000
  0.000
  0.000
  0.000
  0.000
  0.000
  0.000
  0.000
  0.000
  0.000
  0.000
  0.000
  0.000
  0.000
  0.000
  0.000
  0.000
  0.000
  0.000
  0.000
  0.000
  0.000
  0.000
  0.000
  0.000
  0.000
  0.000
  0.000
  0.000
  0.000
  0.000
  0.000
  0.000
  0.000
  0.000
  0.000
  0.000
  0.000
  0.000
  0.000
  0.000
  0.000
  0.000
  0.000
  0.000
  1.519
  0.000
  1.475
  0.000
  1.433
  1.412
  1.392
  0.000
  1.354
  0.000
  0.000
  2.598
  0.000
  0.000
  2.495
  2.462
  1.215
  0.000
  3.550
  1.168
  0.000
  2.277
  1.124
  1.110
  0.000
  1.082
  0.000
  0.000
  3.129
  3.091
  4.072
  2.011
  1.987
  2.946
  0.000
  0.959
  1.896
  0.000
  1.852
  0.000
  0.000
  0.895
  0.885
  0.000
  3.461
  3.423
  0.000
  0.000
  0.000
  0.000
  0.810
  0.000
  1.586
  0.785
  0.000
  0.768
  0.000
  0.752
  0.000
  0.000
  0.000
  0.000
  0.000
  0.000
  0.000
  0.000
  0.687
  0.000
  0.673
  0.667
  0.660
  0.654
  0.000
  1.283
  0.635
  0.000
  1.247
  0.617
  1.835
  0.606
  1.801
  1.190
  2.947
  1.168
  0.579
  1.147
  0.568
  2.816
  0.558
  3.319
  1.097
  1.630
  1.616
  0.000
  0.529
  1.050
  2.081
  0.000
  1.534
  1.014
  3.016
  2.492
  0.989
  0.490
  1.458
  0.482
  1.912
  0.948
  1.411
  1.399
  1.388
  0.918
  0.910
  1.354
  1.344
  0.889
  0.441
  0.875
  1.302
  0.430
  0.854
  0.7686098E+02  0.7686098E+02
  0.000
  0.000
  0.000
  0.000
  0.000
  0.000
  0.000
  0.000
  0.000
  0.000
  0.000
  0.000
  0.000
  0.000
  0.000
116.008
  0.000
273.042
  0.000
  0.000
  0.000
  0.000
  0.000
  0.000
  0.000
  0.000
 39.697
110.589
 34.322
 32.034
  0.000
  0.000
  0.000
  0.000
  0.000
  0.000
  0.000
  0.000
  0.000
  0.000
  0.000
  0.000
  0.000
  0.000
  0.000
  0.000
  0.000
  0.000
  0.000
  0.000
  0.000
  0.000
  0.000
  0.000
  0.000
  0.000
  0.000
  0.000
  0.000
  0.000
  0.000
  0.000
  0.000
  0.000
  0.000
  0.000
  0.000
  0.000
  0.000
  0.000
  0.000
  0.000
  0.000
  0.000
  0.000
  0.000
  0.000
  0.000
  0.000
  0.000
  0.000
  0.000
  0.000
  0.000
  0.000
  0.000
  0.000
  0.000
  0.000
  0.000
  0.000
  0.000
  0.000
  0.000
  0.000
  0.000
  0.000
  0.000
  0.000
  0.000
  0.000
  0.000
  0.000
  0.000
  0.000
  0.000
  0.000
  0.000
  0.000
  0.000
  0.000
  0.000
  0.000
  0.000
  0.000
  0.000
  0.000
  0.000
  0.000
  0.000
  0.000
  0.000
  0.000
  0.000
  0.000
  0.000
  0.000
  0.000
  0.000
  0.000
  0.000
  0.000
  0.000
  0.000
  0.000
  0.000
  1.496
  1.475
  0.000
  0.000
  1.412
  0.000
  2.746
  0.000
  0.000
  1.317
  0.000
  2.563
  0.000
  3.742
  1.231
  1.215
  0.000
  4.733
  0.000
  0.000
  2.277
  1.124
  1.110
  0.000
  1.082
  0.000
  2.112
  2.086
  3.091
  4.072
  1.006
  0.994
  3.928
  0.000
  0.959
  1.896
  0.000
  0.926
  0.916
  0.000
  0.895
  0.885
  0.875
  4.327
  0.856
  0.846
  0.000
  0.000
  0.819
  0.000
  1.603
  0.793
  0.000
  0.776
  0.000
  0.000
  0.752
  0.000
  0.000
  0.000
  0.000
  0.000
  0.000
  0.000
  0.000
  0.687
  0.000
  0.000
  0.667
  0.660
  0.654
  0.648
  1.283
  0.000
  0.629
  1.247
  0.617
  1.835
  0.606
  1.201
  1.784
  2.947
  0.584
  0.579
  1.147
  1.137
  1.690
  1.116
  2.766
  2.741
  1.087
  1.616
  0.000
  0.529
  1.050
  1.040
  1.032
  1.023
  2.028
  3.519
  0.997
  1.977
  0.490
  0.972
  1.446
  1.434
  1.422
  0.470
  2.798
  0.463
  0.918
  1.821
  0.451
  1.344
  0.444
  0.441
  1.749
  0.434
  0.430
  0.854
  0.3039725E+03  0.3039725E+03
  0.000
  0.000
  0.000
  0.000
  0.000
  0.000
  0.000
  0.000
  0.000
  0.000
  0.000
  0.000
  0.000
  0.000
  0.000
  0.000
  0.000
273.042
 81.443
  0.000
  0.000
  0.000
  0.000
  0.000
  0.000
  0.000
  0.000
  0.000
137.287
 64.069
  0.000
  0.000
  0.000
  0.000
  0.000
  0.000
  0.000
  0.000
  0.000
  0.000
  0.000
  0.000
  0.000
  0.000
  0.000
  0.000
  0.000
  0.000
  0.000
  0.000
  0.000
  0.000
  0.000
  0.000
  0.000
  0.000
  0.000
  0.000
  0.000
  0.000
  0.000
  0.000
  0.000
  0.000
  0.000
  0.000
  0.000
  0.000
  0.000
  0.000
  0.000
  0.000
  0.000
  0.000
  0.000
  0.000
  0.000
  0.000
  0.000
  0.000
  0.000
  0.000
  0.000
  0.000
  0.000
  0.000
  0.000
  0.000
  0.000
  0.000
  0.000
  0.000
  0.000
  0.000
  0.000
  0.000
  0.000
  0.000
  0.000
  0.000
  0.000
  0.000
  0.000
  0.000
  0.000
  0.000
  0.000
  0.000
  0.000
  0.000
  0.000
  0.000
  0.000
  0.000
  0.000
  0.000
  0.000
  0.000
  0.000
  0.000
  0.000
  0.000
  0.000
  0.000
  0.000
  0.000
  0.000
  0.000
  0.000
  0.000
  0.000
  0.000
  0.000
  0.000
  0.000
  0.000
  1.496
  1.475
  0.000
  1.433
  2.825
  0.000
  0.000
  1.354
  0.000
  1.317
  0.000
  1.281
  0.000
  2.495
  2.462
  1.215
  0.000
  3.550
  1.168
  0.000
  2.277
  1.124
  1.110
  0.000
  0.000
  1.069
  3.167
  1.043
  2.061
  4.072
  1.006
  2.981
  1.964
  0.970
  0.959
  1.896
  0.000
  0.000
  1.831
  0.000
  0.895
  1.770
  0.000
  3.461
  0.856
  0.846
  0.837
  0.000
  0.000
  0.000
  0.802
  0.793
  1.569
  0.000
  0.768
  0.000
  0.752
  0.000
  0.000
  0.000
  0.000
  0.000
  0.000
  0.000
  0.000
  0.687
  0.680
  0.673
  0.000
  0.000
  1.308
  0.648
  0.641
  0.635
  0.000
  1.247
  0.617
  1.223
  0.606
  2.401
  2.379
  1.768
  0.584
  1.157
  0.000
  1.705
  3.942
  0.558
  1.106
  2.741
  2.174
  0.539
  0.000
  0.000
  1.574
  1.040
  1.547
  0.000
  1.521
  4.022
  0.498
  2.471
  0.000
  1.944
  0.964
  0.478
  0.948
  2.351
  2.332
  0.463
  0.918
  1.365
  1.354
  0.896
  0.000
  0.882
  1.312
  1.302
  0.861
  0.000
  0.4761493E+02  0.4761493E+02
  0.000
  0.000
  0.000
  0.000
  0.000
  0.000
  0.000
  0.000
  0.000
  0.000
  0.000
  0.000
  0.000
  0.000
  0.000
  0.000
  0.000
273.042
  0.000
 73.306
  0.000
  0.000
  0.000
  0.000
  0.000
  0.000
  0.000
  0.000
 68.643
 64.069
 59.937
  0.000
  0.000
  0.000
  0.000
  0.000
  0.000
  0.000
  0.000
  0.000
  0.000
  0.000
  0.000
  0.000
  0.000
  0.000
  0.000
  0.000
  0.000
  0.000
  0.000
  0.000
  0.000
  0.000
  0.000
  0.000
  0.000
  0.000
  0.000
  0.000
  0.000
  0.000
  0.000
  0.000
  0.000
  0.000
  0.000
  0.000
  0.000
  0.000
  0.000
  0.000
  0.000
  0.000
  0.000
  0.000
  0.000
  0.000
  0.000
  0.000
  0.000
  0.000
  0.000
  0.000
  0.000
  0.000
  0.000
  0.000
  0.000
  0.000
  0.000
  0.000
  0.000
  0.000
  0.000
  0.000
  0.000
  0.000
  0.000
  0.000
  0.000
  0.000
  0.000
  0.000
  0.000
  0.000
  0.000
  0.000
  0.000
  0.000
  0.000
  0.000
  0.000
  0.000
  0.000
  0.000
  0.000
  0.000
  0.000
  0.000
  0.000
  0.000
  0.000
  0.000
  0.000
  0.000
  0.000
  0.000
  0.000
  0.000
  0.000
  0.000
  0.000
  0.000
  0.000
  1.519
  0.000
  1.475
  1.453
  2.865
  0.000
  0.000
  1.373
  0.000
  1.335
  0.000
  1.299
  0.000
  1.264
  1.247
  2.462
  1.215
  0.000
  2.367
  1.168
  2.306
  1.138
  1.124
  1.110
  0.000
  0.000
  1.069
  2.112
  3.129
  1.030
  4.072
  1.006
  2.981
  1.964
  0.970
  0.959
  1.896
  0.000
  0.000
  1.831
  0.000
  0.895
  1.770
  0.000
  3.461
  0.000
  0.846
  1.674
  0.000
  0.000
  0.000
  0.000
  1.586
  0.000
  0.776
  1.537
  0.000
  0.752
  0.000
  0.000
  0.000
  0.000
  0.000
  0.000
  0.000
  0.000
  1.373
  0.680
  0.000
  0.667
  0.660
  0.654
  0.000
  0.641
  0.635
  0.629
  0.623
  0.617
  1.223
  1.818
  1.801
  2.379
  1.179
  1.168
  0.579
  0.000
  2.841
  3.379
  0.000
  1.106
  3.290
  1.630
  0.539
  0.000
  0.000
  2.099
  0.520
  1.547
  0.511
  1.014
  4.022
  0.498
  1.977
  0.490
  1.458
  0.964
  0.956
  0.474
  1.411
  3.731
  0.000
  0.918
  1.821
  0.903
  0.896
  0.444
  0.441
  2.186
  0.868
  0.430
  0.427
