   1   5   1   0  0.2003848E+03  0.5000000E+02
  CAR 
 unknown system                          
   0   0   0
   1   1
 256 256 256
 256
  0.1000000E-09
  0.6250000E-11
  10
  0.2000000E-14  0.1004510E-08  0.9706918E-09  0.1028378E-08
  0.6084005E+02  0.6084005E+02
  0.000
  0.000
  0.000
  0.000
  0.000
  0.000
  0.000
  0.000
  0.000
  0.000
  0.000
  0.000
  0.000
  0.000
  0.000
  0.000
 95.934
255.860
  0.000
  0.000
  0.000
  0.000
  0.000
  0.000
  0.000
  0.000
  0.000
 34.543
 96.485
 60.037
  0.000
  0.000
  0.000
  0.000
  0.000
  0.000
  0.000
  0.000
  0.000
  0.000
  0.000
  0.000
  0.000
  0.000
  0.000
  0.000
  0.000
  0.000
  0.000
  0.000
  0.000
  0.000
  0.000
  0.000
  0.000
  0.000
  0.000
  0.000
  0.000
  0.000
  0.000
  0.000
  0.000
  0.000
  0.000
  0.000
  0.000
  0.000
  0.000
  0.000
  0.000
  0.000
  0.000
  0.000
  0.000
  0.000
  0.000
  0.000
  0.000
  0.000
  0.000
  0.000
  0.000
  0.000
  0.000
  0.000
  0.000
  0.000
  0.000
  0.000
  0.000
  0.000
  0.000
  0.000
  0.000
  0.000
  0.000
  0.000
  0.000
  0.000
  0.000
  0.000
  0.000
  0.000
  0.000
  0.000
  0.000
  0.000
  0.000
  0.000
  0.000
  0.000
  0.000
  0.000
  0.000
  0.000
  0.000
  0.000
  0.000
  0.000
  0.000
  0.000
  0.000
  0.000
  0.000
  0.000
  0.000
  0.000
  0.000
  0.000
  0.000
  1.511
  0.000
  1.466
  0.000
  1.423
  1.402
  0.000
  1.362
  0.000
  2.647
  0.000
  0.000
  1.269
  1.251
  1.234
  1.217
  0.000
  2.369
  1.169
  2.307
  1.138
  2.247
  1.109
  1.095
  2.161
  0.000
  0.000
  2.080
  1.027
  1.014
  2.003
  0.000
  0.977
  0.965
  6.677
  0.942
  3.725
  0.000
  1.819
  1.797
  0.000
  0.000
  0.000
  0.000
  0.000
  0.000
  0.000
  1.640
  1.622
  2.406
  1.586
  0.784
  0.000
  0.768
  0.000
  0.751
  0.000
  0.000
  0.000
  0.000
  0.000
  0.000
  0.698
  0.000
  0.000
  1.353
  0.000
  0.000
  0.656
  0.650
  0.000
  1.274
  0.000
  0.625
  1.237
  1.225
  1.820
  0.601
  1.191
  0.590
  0.584
  2.893
  1.146
  0.568
  0.563
  2.787
  1.105
  0.000
  1.627
  1.612
  3.195
  1.583
  0.523
  1.037
  1.541
  3.056
  0.505
  0.500
  1.488
  0.000
  1.462
  0.967
  2.396
  0.950
  2.355
  0.467
  0.926
  0.459
  3.188
  0.903
  0.000
  1.777
  0.441
  0.437
  1.300
  0.860
  0.853
  0.846
  0.420
  0.833
  0.413
  0.410
  1.220
  0.403
  0.800
  0.1175696E+03  0.1175696E+03
  0.000
  0.000
  0.000
  0.000
  0.000
  0.000
  0.000
  0.000
  0.000
  0.000
  0.000
  0.000
  0.000
  0.000
  0.000
  0.000
  0.000
341.146
  0.000
  0.000
  0.000
  0.000
  0.000
  0.000
  0.000
  0.000
  0.000
  0.000
160.809
 30.019
  0.000
  0.000
  0.000
  0.000
  0.000
  0.000
  0.000
  0.000
  0.000
  0.000
  0.000
  0.000
  0.000
  0.000
  0.000
  0.000
  0.000
  0.000
  0.000
  0.000
  0.000
  0.000
  0.000
  0.000
  0.000
  0.000
  0.000
  0.000
  0.000
  0.000
  0.000
  0.000
  0.000
  0.000
  0.000
  0.000
  0.000
  0.000
  0.000
  0.000
  0.000
  0.000
  0.000
  0.000
  0.000
  0.000
  0.000
  0.000
  0.000
  0.000
  0.000
  0.000
  0.000
  0.000
  0.000
  0.000
  0.000
  0.000
  0.000
  0.000
  0.000
  0.000
  0.000
  0.000
  0.000
  0.000
  0.000
  0.000
  0.000
  0.000
  0.000
  0.000
  0.000
  0.000
  0.000
  0.000
  0.000
  0.000
  0.000
  0.000
  0.000
  0.000
  0.000
  0.000
  0.000
  0.000
  0.000
  0.000
  0.000
  0.000
  0.000
  0.000
  0.000
  0.000
  0.000
  0.000
  0.000
  0.000
  0.000
  0.000
  1.534
  0.000
  0.000
  1.466
  0.000
  1.423
  1.402
  0.000
  1.362
  1.343
  0.000
  1.305
  0.000
  1.269
  1.251
  1.234
  1.217
  1.201
  1.185
  1.169
  3.460
  0.000
  1.123
  3.326
  0.000
  1.080
  1.067
  1.053
  1.040
  2.054
  0.000
  2.003
  0.000
  0.977
  0.965
  5.723
  1.885
  3.725
  0.000
  1.819
  0.899
  0.888
  0.000
  0.000
  0.000
  0.000
  0.000
  0.829
  0.820
  2.433
  1.604
  0.793
  1.569
  0.000
  0.768
  0.000
  0.751
  0.000
  0.000
  0.000
  0.000
  0.000
  0.000
  0.698
  0.000
  1.367
  0.000
  0.000
  0.000
  0.656
  0.650
  0.000
  1.274
  0.631
  0.000
  1.856
  1.225
  0.607
  1.202
  1.191
  0.590
  0.000
  2.314
  2.293
  0.568
  0.563
  2.787
  1.105
  0.000
  2.711
  0.537
  3.195
  1.055
  1.046
  1.037
  1.541
  3.056
  0.505
  1.001
  0.992
  0.000
  0.975
  1.450
  1.917
  2.376
  0.942
  0.934
  0.000
  1.378
  2.277
  1.807
  0.448
  0.444
  1.322
  1.311
  0.867
  0.430
  1.280
  0.846
  0.000
  0.416
  0.826
  0.820
  0.813
  0.403
  0.400
  0.6921272E+02  0.6921272E+02
  0.000
  0.000
  0.000
  0.000
  0.000
  0.000
  0.000
  0.000
  0.000
  0.000
  0.000
  0.000
  0.000
  0.000
  0.000
  0.000
  0.000
255.860
 76.318
  0.000
  0.000
  0.000
  0.000
  0.000
  0.000
  0.000
  0.000
 34.543
 96.485
 60.037
  0.000
  0.000
  0.000
  0.000
  0.000
  0.000
  0.000
  0.000
  0.000
  0.000
  0.000
  0.000
  0.000
  0.000
  0.000
  0.000
  0.000
  0.000
  0.000
  0.000
  0.000
  0.000
  0.000
  0.000
  0.000
  0.000
  0.000
  0.000
  0.000
  0.000
  0.000
  0.000
  0.000
  0.000
  0.000
  0.000
  0.000
  0.000
  0.000
  0.000
  0.000
  0.000
  0.000
  0.000
  0.000
  0.000
  0.000
  0.000
  0.000
  0.000
  0.000
  0.000
  0.000
  0.000
  0.000
  0.000
  0.000
  0.000
  0.000
  0.000
  0.000
  0.000
  0.000
  0.000
  0.000
  0.000
  0.000
  0.000
  0.000
  0.000
  0.000
  0.000
  0.000
  0.000
  0.000
  0.000
  0.000
  0.000
  0.000
  0.000
  0.000
  0.000
  0.000
  0.000
  0.000
  0.000
  0.000
  0.000
  0.000
  0.000
  0.000
  0.000
  0.000
  0.000
  0.000
  0.000
  0.000
  0.000
  0.000
  0.000
  1.534
  0.000
  1.488
  0.000
  0.000
  1.423
  1.402
  0.000
  1.362
  1.343
  0.000
  1.305
  0.000
  2.537
  0.000
  0.000
  1.217
  2.402
  1.185
  1.169
  3.460
  0.000
  0.000
  4.435
  0.000
  1.080
  1.067
  1.053
  2.080
  1.027
  1.014
  1.002
  0.000
  0.977
  1.931
  3.815
  2.827
  3.725
  0.920
  0.909
  0.000
  0.888
  0.878
  0.000
  0.000
  0.000
  0.000
  0.829
  1.640
  1.622
  1.604
  0.793
  1.569
  0.000
  0.768
  0.000
  0.751
  0.000
  0.000
  0.000
  0.000
  0.000
  0.000
  0.698
  0.691
  0.684
  0.000
  0.000
  0.000
  0.000
  1.300
  0.000
  0.637
  1.262
  0.625
  1.856
  0.613
  0.000
  1.202
  1.786
  0.590
  1.168
  0.579
  2.293
  1.136
  1.125
  1.672
  1.657
  0.000
  2.169
  1.612
  2.663
  1.055
  1.046
  1.037
  1.541
  2.546
  2.019
  0.000
  0.496
  0.983
  0.000
  2.417
  1.917
  0.950
  1.413
  1.401
  0.926
  0.459
  1.822
  1.807
  0.896
  0.889
  0.881
  1.311
  0.433
  1.290
  0.853
  0.846
  0.000
  0.000
  1.652
  0.820
  0.407
  0.807
  0.400
  0.1341256E+03  0.1341256E+03
  0.000
  0.000
  0.000
  0.000
  0.000
  0.000
  0.000
  0.000
  0.000
  0.000
  0.000
  0.000
  0.000
  0.000
  0.000
  0.000
  0.000
255.860
 76.318
  0.000
  0.000
  0.000
  0.000
  0.000
  0.000
  0.000
  0.000
 34.543
128.647
 30.019
  0.000
  0.000
  0.000
  0.000
  0.000
  0.000
  0.000
  0.000
  0.000
  0.000
  0.000
  0.000
  0.000
  0.000
  0.000
  0.000
  0.000
  0.000
  0.000
  0.000
  0.000
  0.000
  0.000
  0.000
  0.000
  0.000
  0.000
  0.000
  0.000
  0.000
  0.000
  0.000
  0.000
  0.000
  0.000
  0.000
  0.000
  0.000
  0.000
  0.000
  0.000
  0.000
  0.000
  0.000
  0.000
  0.000
  0.000
  0.000
  0.000
  0.000
  0.000
  0.000
  0.000
  0.000
  0.000
  0.000
  0.000
  0.000
  0.000
  0.000
  0.000
  0.000
  0.000
  0.000
  0.000
  0.000
  0.000
  0.000
  0.000
  0.000
  0.000
  0.000
  0.000
  0.000
  0.000
  0.000
  0.000
  0.000
  0.000
  0.000
  0.000
  0.000
  0.000
  0.000
  0.000
  0.000
  0.000
  0.000
  0.000
  0.000
  0.000
  0.000
  0.000
  0.000
  0.000
  0.000
  0.000
  0.000
  0.000
  0.000
  0.000
  1.511
  1.488
  0.000
  0.000
  1.423
  1.402
  0.000
  1.362
  1.343
  0.000
  1.305
  0.000
  2.537
  0.000
  0.000
  0.000
  2.402
  2.369
  1.169
  2.307
  1.138
  1.123
  1.109
  2.189
  1.080
  0.000
  1.053
  4.160
  0.000
  1.014
  1.002
  0.000
  1.955
  1.931
  2.862
  1.885
  4.656
  0.920
  0.909
  0.000
  1.777
  0.000
  0.000
  0.000
  0.000
  0.000
  0.829
  0.820
  2.433
  1.604
  0.793
  1.569
  0.000
  0.768
  0.000
  0.751
  0.000
  0.000
  0.000
  0.000
  0.000
  0.000
  0.698
  0.000
  1.367
  0.000
  0.000
  0.000
  0.000
  1.300
  0.000
  0.637
  1.262
  0.625
  1.237
  1.225
  0.000
  1.202
  1.786
  0.590
  1.168
  1.157
  2.293
  0.568
  0.563
  2.230
  0.552
  2.189
  1.085
  2.687
  1.598
  1.055
  1.569
  1.037
  1.028
  3.056
  0.505
  1.001
  0.496
  0.983
  0.487
  1.933
  1.438
  1.900
  0.942
  1.401
  0.926
  0.459
  1.366
  2.258
  0.896
  0.889
  0.881
  1.311
  0.433
  1.720
  0.000
  1.269
  0.000
  0.833
  0.826
  0.410
  0.813
  0.807
  0.400
  0.1321277E+03  0.1321277E+03
  0.000
  0.000
  0.000
  0.000
  0.000
  0.000
  0.000
  0.000
  0.000
  0.000
  0.000
  0.000
  0.000
  0.000
  0.000
  0.000
  0.000
255.860
 76.318
  0.000
  0.000
  0.000
  0.000
  0.000
  0.000
  0.000
  0.000
 34.543
128.647
 30.019
  0.000
  0.000
  0.000
  0.000
  0.000
  0.000
  0.000
  0.000
  0.000
  0.000
  0.000
  0.000
  0.000
  0.000
  0.000
  0.000
  0.000
  0.000
  0.000
  0.000
  0.000
  0.000
  0.000
  0.000
  0.000
  0.000
  0.000
  0.000
  0.000
  0.000
  0.000
  0.000
  0.000
  0.000
  0.000
  0.000
  0.000
  0.000
  0.000
  0.000
  0.000
  0.000
  0.000
  0.000
  0.000
  0.000
  0.000
  0.000
  0.000
  0.000
  0.000
  0.000
  0.000
  0.000
  0.000
  0.000
  0.000
  0.000
  0.000
  0.000
  0.000
  0.000
  0.000
  0.000
  0.000
  0.000
  0.000
  0.000
  0.000
  0.000
  0.000
  0.000
  0.000
  0.000
  0.000
  0.000
  0.000
  0.000
  0.000
  0.000
  0.000
  0.000
  0.000
  0.000
  0.000
  0.000
  0.000
  0.000
  0.000
  0.000
  0.000
  0.000
  0.000
  0.000
  0.000
  0.000
  0.000
  0.000
  0.000
  0.000
  0.000
  0.000
  2.976
  0.000
  1.444
  0.000
  1.402
  1.382
  0.000
  0.000
  1.323
  1.305
  0.000
  2.537
  0.000
  0.000
  0.000
  3.603
  1.185
  2.338
  1.153
  2.277
  0.000
  2.218
  2.189
  0.000
  0.000
  2.106
  3.120
  0.000
  1.014
  1.002
  0.000
  0.977
  2.896
  3.815
  0.942
  3.725
  1.840
  0.909
  1.797
  0.000
  0.000
  0.000
  0.000
  0.000
  0.000
  0.829
  0.000
  4.054
  1.604
  0.000
  1.569
  0.000
  0.000
  0.759
  0.751
  0.000
  0.000
  0.000
  0.000
  0.000
  0.000
  0.000
  0.691
  0.684
  0.677
  0.000
  0.000
  0.000
  1.300
  0.000
  1.274
  0.631
  0.625
  0.619
  1.838
  0.607
  1.803
  0.595
  1.179
  0.000
  1.736
  2.293
  1.136
  0.000
  2.787
  0.000
  1.642
  1.627
  2.149
  2.130
  1.583
  1.046
  0.518
  2.569
  1.019
  1.010
  1.501
  0.992
  0.983
  0.000
  2.417
  0.479
  1.900
  1.413
  1.401
  0.926
  0.459
  1.822
  1.807
  1.344
  0.000
  0.881
  1.311
  0.433
  2.150
  0.000
  1.269
  0.000
  0.833
  0.826
  0.000
  1.220
  0.807
  0.000
  0.1294374E+03  0.1294374E+03
  0.000
  0.000
  0.000
  0.000
  0.000
  0.000
  0.000
  0.000
  0.000
  0.000
  0.000
  0.000
  0.000
  0.000
  0.000
  0.000
  0.000
255.860
 76.318
  0.000
  0.000
  0.000
  0.000
  0.000
  0.000
  0.000
  0.000
  0.000
 64.324
120.074
  0.000
  0.000
  0.000
  0.000
  0.000
  0.000
  0.000
  0.000
  0.000
  0.000
  0.000
  0.000
  0.000
  0.000
  0.000
  0.000
  0.000
  0.000
  0.000
  0.000
  0.000
  0.000
  0.000
  0.000
  0.000
  0.000
  0.000
  0.000
  0.000
  0.000
  0.000
  0.000
  0.000
  0.000
  0.000
  0.000
  0.000
  0.000
  0.000
  0.000
  0.000
  0.000
  0.000
  0.000
  0.000
  0.000
  0.000
  0.000
  0.000
  0.000
  0.000
  0.000
  0.000
  0.000
  0.000
  0.000
  0.000
  0.000
  0.000
  0.000
  0.000
  0.000
  0.000
  0.000
  0.000
  0.000
  0.000
  0.000
  0.000
  0.000
  0.000
  0.000
  0.000
  0.000
  0.000
  0.000
  0.000
  0.000
  0.000
  0.000
  0.000
  0.000
  0.000
  0.000
  0.000
  0.000
  0.000
  0.000
  0.000
  0.000
  0.000
  0.000
  0.000
  0.000
  0.000
  0.000
  0.000
  0.000
  0.000
  0.000
  0.000
  0.000
  2.976
  0.000
  0.000
  1.423
  2.804
  0.000
  0.000
  0.000
  1.323
  1.305
  0.000
  2.537
  0.000
  0.000
  0.000
  4.803
  0.000
  1.169
  2.307
  1.138
  1.123
  1.109
  2.189
  1.080
  0.000
  2.106
  3.120
  1.027
  0.000
  0.000
  0.989
  1.955
  3.862
  0.954
  0.942
  4.656
  0.920
  1.819
  0.899
  0.888
  0.000
  0.000
  0.000
  0.000
  0.000
  0.000
  0.820
  4.054
  0.802
  0.793
  1.569
  0.000
  0.000
  0.000
  1.502
  0.000
  0.000
  0.000
  0.000
  0.000
  0.000
  0.698
  0.000
  0.684
  0.677
  0.000
  0.000
  1.313
  0.000
  0.000
  1.911
  0.000
  1.249
  0.000
  0.613
  2.427
  0.601
  1.191
  1.179
  1.168
  1.157
  2.293
  0.000
  1.125
  1.115
  1.105
  0.547
  3.796
  0.537
  2.663
  1.055
  1.569
  1.555
  1.028
  1.019
  1.514
  1.501
  0.992
  0.983
  0.000
  1.933
  1.438
  0.950
  1.884
  0.934
  1.390
  0.919
  0.911
  1.807
  1.344
  0.444
  0.881
  0.874
  0.867
  1.720
  0.853
  0.423
  0.420
  0.833
  0.826
  0.000
  1.220
  0.807
  0.000
  0.1716502E+03  0.1716502E+03
  0.000
  0.000
  0.000
  0.000
  0.000
  0.000
  0.000
  0.000
  0.000
  0.000
  0.000
  0.000
  0.000
  0.000
  0.000
  0.000
  0.000
255.860
 76.318
  0.000
  0.000
  0.000
  0.000
  0.000
  0.000
  0.000
  0.000
  0.000
128.647
 30.019
 28.083
  0.000
  0.000
  0.000
  0.000
  0.000
  0.000
  0.000
  0.000
  0.000
  0.000
  0.000
  0.000
  0.000
  0.000
  0.000
  0.000
  0.000
  0.000
  0.000
  0.000
  0.000
  0.000
  0.000
  0.000
  0.000
  0.000
  0.000
  0.000
  0.000
  0.000
  0.000
  0.000
  0.000
  0.000
  0.000
  0.000
  0.000
  0.000
  0.000
  0.000
  0.000
  0.000
  0.000
  0.000
  0.000
  0.000
  0.000
  0.000
  0.000
  0.000
  0.000
  0.000
  0.000
  0.000
  0.000
  0.000
  0.000
  0.000
  0.000
  0.000
  0.000
  0.000
  0.000
  0.000
  0.000
  0.000
  0.000
  0.000
  0.000
  0.000
  0.000
  0.000
  0.000
  0.000
  0.000
  0.000
  0.000
  0.000
  0.000
  0.000
  0.000
  0.000
  0.000
  0.000
  0.000
  0.000
  0.000
  0.000
  0.000
  0.000
  0.000
  0.000
  0.000
  0.000
  0.000
  0.000
  0.000
  0.000
  0.000
  0.000
  3.022
  0.000
  0.000
  0.000
  1.423
  2.804
  0.000
  0.000
  1.343
  1.323
  0.000
  1.287
  1.269
  0.000
  0.000
  1.217
  3.603
  0.000
  1.169
  1.153
  2.277
  0.000
  2.218
  1.095
  2.161
  0.000
  2.106
  3.120
  1.027
  0.000
  0.000
  0.989
  2.932
  1.931
  1.908
  1.885
  3.725
  0.920
  0.909
  0.899
  1.777
  0.000
  0.000
  0.000
  0.000
  0.000
  0.000
  2.460
  1.622
  1.604
  0.793
  0.784
  0.776
  0.000
  0.000
  0.751
  0.743
  0.000
  0.000
  0.000
  0.000
  0.705
  0.000
  0.691
  0.000
  0.677
  0.000
  0.000
  1.313
  0.000
  0.000
  1.911
  0.631
  0.625
  0.619
  1.838
  0.000
  1.202
  0.595
  1.179
  1.752
  0.579
  2.866
  0.000
  1.125
  1.115
  1.105
  1.642
  2.711
  1.075
  0.533
  3.166
  1.569
  1.037
  1.028
  1.528
  2.019
  0.000
  1.488
  0.983
  0.000
  1.450
  1.917
  1.425
  1.413
  0.467
  0.926
  1.378
  1.366
  0.903
  2.240
  0.000
  1.322
  1.311
  1.734
  0.430
  0.427
  0.846
  0.839
  0.833
  0.000
  0.820
  0.813
  0.807
  0.000
  0.5084329E+02  0.5084329E+02
  0.000
  0.000
  0.000
  0.000
  0.000
  0.000
  0.000
  0.000
  0.000
  0.000
  0.000
  0.000
  0.000
  0.000
  0.000
  0.000
 95.934
170.573
 76.318
  0.000
  0.000
  0.000
  0.000
  0.000
  0.000
  0.000
  0.000
 69.086
  0.000
 90.056
 28.083
  0.000
  0.000
  0.000
  0.000
  0.000
  0.000
  0.000
  0.000
  0.000
  0.000
  0.000
  0.000
  0.000
  0.000
  0.000
  0.000
  0.000
  0.000
  0.000
  0.000
  0.000
  0.000
  0.000
  0.000
  0.000
  0.000
  0.000
  0.000
  0.000
  0.000
  0.000
  0.000
  0.000
  0.000
  0.000
  0.000
  0.000
  0.000
  0.000
  0.000
  0.000
  0.000
  0.000
  0.000
  0.000
  0.000
  0.000
  0.000
  0.000
  0.000
  0.000
  0.000
  0.000
  0.000
  0.000
  0.000
  0.000
  0.000
  0.000
  0.000
  0.000
  0.000
  0.000
  0.000
  0.000
  0.000
  0.000
  0.000
  0.000
  0.000
  0.000
  0.000
  0.000
  0.000
  0.000
  0.000
  0.000
  0.000
  0.000
  0.000
  0.000
  0.000
  0.000
  0.000
  0.000
  0.000
  0.000
  0.000
  0.000
  0.000
  0.000
  0.000
  0.000
  0.000
  0.000
  0.000
  0.000
  0.000
  0.000
  3.068
  0.000
  0.000
  0.000
  0.000
  1.423
  1.402
  1.382
  1.362
  0.000
  0.000
  1.305
  1.287
  1.269
  0.000
  0.000
  0.000
  4.803
  0.000
  1.169
  1.153
  2.277
  0.000
  1.109
  2.189
  2.161
  0.000
  3.160
  2.080
  0.000
  1.014
  1.002
  0.000
  2.932
  1.931
  1.908
  0.942
  5.587
  0.000
  0.909
  0.000
  0.888
  1.756
  0.000
  0.000
  0.000
  0.000
  0.829
  2.460
  0.811
  0.000
  2.379
  1.569
  0.000
  0.000
  0.759
  0.000
  0.743
  0.000
  0.000
  0.000
  0.000
  0.705
  0.698
  0.000
  0.000
  0.677
  0.000
  0.000
  0.000
  1.300
  0.643
  1.274
  0.631
  0.000
  1.856
  1.225
  0.000
  0.601
  1.191
  1.769
  0.584
  0.579
  1.719
  1.703
  1.125
  1.115
  1.657
  1.642
  1.627
  1.612
  0.533
  3.166
  1.569
  0.000
  1.541
  2.037
  2.019
  0.000
  0.992
  0.983
  0.487
  1.450
  2.396
  0.950
  1.413
  0.467
  1.390
  0.459
  1.822
  1.355
  0.896
  0.444
  0.881
  2.622
  1.300
  0.860
  0.427
  0.423
  1.259
  0.416
  0.413
  0.410
  1.220
  0.403
  0.400
  0.1331615E+03  0.1331615E+03
  0.000
  0.000
  0.000
  0.000
  0.000
  0.000
  0.000
  0.000
  0.000
  0.000
  0.000
  0.000
  0.000
  0.000
  0.000
  0.000
  0.000
255.860
 76.318
  0.000
  0.000
  0.000
  0.000
  0.000
  0.000
  0.000
  0.000
  0.000
128.647
 60.037
  0.000
  0.000
  0.000
  0.000
  0.000
  0.000
  0.000
  0.000
  0.000
  0.000
  0.000
  0.000
  0.000
  0.000
  0.000
  0.000
  0.000
  0.000
  0.000
  0.000
  0.000
  0.000
  0.000
  0.000
  0.000
  0.000
  0.000
  0.000
  0.000
  0.000
  0.000
  0.000
  0.000
  0.000
  0.000
  0.000
  0.000
  0.000
  0.000
  0.000
  0.000
  0.000
  0.000
  0.000
  0.000
  0.000
  0.000
  0.000
  0.000
  0.000
  0.000
  0.000
  0.000
  0.000
  0.000
  0.000
  0.000
  0.000
  0.000
  0.000
  0.000
  0.000
  0.000
  0.000
  0.000
  0.000
  0.000
  0.000
  0.000
  0.000
  0.000
  0.000
  0.000
  0.000
  0.000
  0.000
  0.000
  0.000
  0.000
  0.000
  0.000
  0.000
  0.000
  0.000
  0.000
  0.000
  0.000
  0.000
  0.000
  0.000
  0.000
  0.000
  0.000
  0.000
  0.000
  0.000
  0.000
  0.000
  0.000
  0.000
  1.534
  1.511
  0.000
  0.000
  0.000
  0.000
  2.804
  1.382
  0.000
  1.343
  0.000
  1.305
  1.287
  1.269
  0.000
  0.000
  1.217
  3.603
  0.000
  1.169
  2.307
  1.138
  0.000
  1.109
  3.284
  1.080
  0.000
  2.106
  3.120
  0.000
  1.014
  0.000
  1.979
  1.955
  1.931
  1.908
  0.942
  4.656
  0.920
  0.909
  0.000
  2.665
  0.000
  0.000
  0.000
  0.000
  0.000
  0.000
  3.280
  0.811
  0.802
  0.793
  2.353
  0.000
  0.000
  0.759
  0.751
  0.000
  0.000
  0.000
  0.000
  0.000
  0.705
  0.000
  0.691
  0.000
  0.000
  0.670
  0.000
  0.656
  1.300
  0.000
  0.637
  1.262
  0.625
  0.619
  1.838
  0.000
  1.202
  1.191
  0.590
  1.752
  0.000
  2.293
  1.136
  1.688
  0.557
  2.209
  0.000
  2.711
  1.612
  0.533
  2.111
  2.615
  0.518
  1.028
  2.546
  1.010
  0.500
  0.992
  1.475
  0.487
  1.933
  1.438
  1.425
  0.942
  0.934
  1.390
  0.000
  1.366
  1.807
  0.896
  0.889
  0.441
  2.185
  1.300
  1.290
  0.427
  1.269
  0.420
  0.416
  0.413
  0.410
  0.813
  0.807
  0.400
  0.8196082E+02  0.8196082E+02
  0.000
  0.000
  0.000
  0.000
  0.000
  0.000
  0.000
  0.000
  0.000
  0.000
  0.000
  0.000
  0.000
  0.000
  0.000
  0.000
  0.000
255.860
 76.318
  0.000
  0.000
  0.000
  0.000
  0.000
  0.000
  0.000
  0.000
 34.543
 96.485
 60.037
  0.000
  0.000
  0.000
  0.000
  0.000
  0.000
  0.000
  0.000
  0.000
  0.000
  0.000
  0.000
  0.000
  0.000
  0.000
  0.000
  0.000
  0.000
  0.000
  0.000
  0.000
  0.000
  0.000
  0.000
  0.000
  0.000
  0.000
  0.000
  0.000
  0.000
  0.000
  0.000
  0.000
  0.000
  0.000
  0.000
  0.000
  0.000
  0.000
  0.000
  0.000
  0.000
  0.000
  0.000
  0.000
  0.000
  0.000
  0.000
  0.000
  0.000
  0.000
  0.000
  0.000
  0.000
  0.000
  0.000
  0.000
  0.000
  0.000
  0.000
  0.000
  0.000
  0.000
  0.000
  0.000
  0.000
  0.000
  0.000
  0.000
  0.000
  0.000
  0.000
  0.000
  0.000
  0.000
  0.000
  0.000
  0.000
  0.000
  0.000
  0.000
  0.000
  0.000
  0.000
  0.000
  0.000
  0.000
  0.000
  0.000
  0.000
  0.000
  0.000
  0.000
  0.000
  0.000
  0.000
  0.000
  0.000
  0.000
  0.000
  0.000
  1.511
  1.488
  0.000
  0.000
  1.423
  1.402
  1.382
  0.000
  0.000
  1.323
  1.305
  0.000
  1.269
  1.251
  0.000
  2.435
  2.402
  0.000
  3.507
  1.153
  0.000
  0.000
  1.109
  4.378
  0.000
  0.000
  2.106
  2.080
  2.054
  0.000
  0.000
  0.989
  3.909
  0.965
  1.908
  1.885
  2.794
  2.761
  0.000
  2.696
  0.000
  0.000
  0.000
  0.000
  0.000
  0.000
  0.829
  0.820
  3.243
  0.802
  0.000
  2.353
  0.000
  0.000
  1.519
  0.000
  0.000
  0.000
  0.000
  0.000
  0.000
  0.000
  0.698
  0.000
  0.000
  0.677
  0.670
  0.000
  0.656
  0.650
  0.643
  1.274
  0.000
  1.249
  0.619
  0.000
  1.820
  1.202
  1.191
  0.590
  1.168
  1.736
  1.146
  1.136
  1.688
  0.000
  1.657
  1.094
  1.627
  2.687
  1.598
  1.583
  2.615
  0.000
  1.541
  1.528
  1.514
  0.500
  0.992
  1.475
  0.487
  2.417
  0.479
  2.376
  0.942
  0.467
  1.390
  0.919
  0.455
  1.807
  1.792
  0.444
  0.881
  0.874
  0.433
  2.150
  0.853
  0.846
  0.839
  0.416
  0.413
  0.000
  1.220
  0.807
  0.000
