   1   5   1   0  0.2034678E+03  0.5000000E+02
  CAR 
 unknown system                          
   0   0   0
   1   1
 256 256 256
 256
  0.1000000E-09
  0.6250000E-11
  10
  0.2000000E-14  0.1001649E-08  0.9923078E-09  0.1023565E-08
  0.5793108E+02  0.5793108E+02
  0.000
  0.000
  0.000
  0.000
  0.000
  0.000
  0.000
  0.000
  0.000
  0.000
  0.000
  0.000
  0.000
  0.000
  0.000
  0.000
  0.000
346.395
  0.000
  0.000
  0.000
  0.000
  0.000
  0.000
  0.000
  0.000
  0.000
  0.000
163.283
 30.480
  0.000
  0.000
  0.000
  0.000
  0.000
  0.000
  0.000
  0.000
  0.000
  0.000
  0.000
  0.000
  0.000
  0.000
  0.000
  0.000
  0.000
  0.000
  0.000
  0.000
  0.000
  0.000
  0.000
  0.000
  0.000
  0.000
  0.000
  0.000
  0.000
  0.000
  0.000
  0.000
  0.000
  0.000
  0.000
  0.000
  0.000
  0.000
  0.000
  0.000
  0.000
  0.000
  0.000
  0.000
  0.000
  0.000
  0.000
  0.000
  0.000
  0.000
  0.000
  0.000
  0.000
  0.000
  0.000
  0.000
  0.000
  0.000
  0.000
  0.000
  0.000
  0.000
  0.000
  0.000
  0.000
  0.000
  0.000
  0.000
  0.000
  0.000
  0.000
  0.000
  0.000
  0.000
  0.000
  0.000
  0.000
  0.000
  0.000
  0.000
  0.000
  0.000
  0.000
  0.000
  0.000
  0.000
  0.000
  0.000
  0.000
  0.000
  0.000
  0.000
  0.000
  0.000
  0.000
  0.000
  0.000
  0.000
  0.000
  0.000
  0.000
  0.000
  0.000
  0.000
  2.933
  1.445
  1.424
  0.000
  1.383
  0.000
  1.344
  0.000
  1.306
  1.288
  0.000
  0.000
  0.000
  1.219
  1.203
  4.748
  1.171
  2.312
  1.141
  2.252
  0.000
  1.097
  0.000
  2.139
  0.000
  2.086
  1.030
  2.034
  1.005
  0.992
  1.961
  4.843
  1.914
  1.891
  1.869
  0.000
  0.000
  0.902
  0.892
  0.000
  1.742
  0.000
  0.000
  0.842
  1.665
  1.647
  0.000
  1.611
  0.796
  1.576
  0.779
  0.771
  0.000
  0.000
  0.000
  0.000
  0.000
  0.000
  0.000
  0.709
  0.000
  0.000
  0.000
  0.680
  0.000
  0.000
  0.660
  0.653
  0.647
  1.281
  0.634
  0.000
  1.244
  1.232
  0.610
  0.604
  0.599
  2.372
  2.350
  0.582
  1.153
  1.142
  0.566
  2.243
  1.667
  1.101
  1.637
  1.081
  1.072
  2.124
  1.579
  2.087
  0.517
  1.538
  2.032
  1.007
  0.999
  0.495
  0.491
  0.487
  2.412
  1.913
  0.949
  1.411
  1.399
  1.387
  1.376
  0.910
  0.902
  1.342
  1.331
  0.880
  0.873
  0.433
  0.859
  0.426
  0.846
  1.678
  0.416
  0.826
  0.000
  0.813
  0.5849708E+02  0.5849708E+02
  0.000
  0.000
  0.000
  0.000
  0.000
  0.000
  0.000
  0.000
  0.000
  0.000
  0.000
  0.000
  0.000
  0.000
  0.000
  0.000
  0.000
346.395
  0.000
  0.000
  0.000
  0.000
  0.000
  0.000
  0.000
  0.000
  0.000
  0.000
195.940
  0.000
  0.000
  0.000
  0.000
  0.000
  0.000
  0.000
  0.000
  0.000
  0.000
  0.000
  0.000
  0.000
  0.000
  0.000
  0.000
  0.000
  0.000
  0.000
  0.000
  0.000
  0.000
  0.000
  0.000
  0.000
  0.000
  0.000
  0.000
  0.000
  0.000
  0.000
  0.000
  0.000
  0.000
  0.000
  0.000
  0.000
  0.000
  0.000
  0.000
  0.000
  0.000
  0.000
  0.000
  0.000
  0.000
  0.000
  0.000
  0.000
  0.000
  0.000
  0.000
  0.000
  0.000
  0.000
  0.000
  0.000
  0.000
  0.000
  0.000
  0.000
  0.000
  0.000
  0.000
  0.000
  0.000
  0.000
  0.000
  0.000
  0.000
  0.000
  0.000
  0.000
  0.000
  0.000
  0.000
  0.000
  0.000
  0.000
  0.000
  0.000
  0.000
  0.000
  0.000
  0.000
  0.000
  0.000
  0.000
  0.000
  0.000
  0.000
  0.000
  0.000
  0.000
  0.000
  0.000
  0.000
  0.000
  0.000
  0.000
  0.000
  0.000
  0.000
  0.000
  0.000
  1.466
  2.890
  1.424
  0.000
  1.383
  1.363
  0.000
  0.000
  0.000
  2.576
  0.000
  0.000
  0.000
  1.219
  0.000
  3.561
  4.685
  1.156
  1.141
  2.252
  0.000
  1.097
  1.083
  1.069
  0.000
  2.086
  1.030
  1.017
  2.009
  1.985
  2.941
  2.906
  2.871
  0.946
  1.869
  0.000
  0.000
  0.902
  0.892
  0.881
  0.871
  0.000
  0.000
  1.684
  2.498
  0.000
  0.814
  0.805
  0.796
  1.576
  0.779
  0.771
  0.000
  0.000
  0.000
  0.000
  0.000
  0.000
  0.716
  0.000
  0.000
  0.000
  0.000
  0.000
  0.673
  0.000
  0.660
  1.307
  0.000
  1.281
  0.634
  0.000
  0.622
  1.232
  1.220
  0.604
  0.599
  2.372
  1.762
  1.164
  0.577
  1.142
  1.132
  2.804
  0.556
  1.101
  1.637
  1.622
  0.536
  2.655
  1.579
  2.087
  1.551
  1.025
  1.524
  0.504
  1.498
  0.495
  0.491
  0.487
  2.412
  2.392
  0.949
  0.941
  1.399
  1.850
  0.917
  0.455
  2.256
  0.895
  0.888
  0.880
  0.873
  0.433
  0.859
  0.426
  1.268
  0.839
  0.832
  0.826
  0.000
  0.813
  0.6546174E+02  0.6546174E+02
  0.000
  0.000
  0.000
  0.000
  0.000
  0.000
  0.000
  0.000
  0.000
  0.000
  0.000
  0.000
  0.000
  0.000
  0.000
  0.000
  0.000
346.395
  0.000
  0.000
  0.000
  0.000
  0.000
  0.000
  0.000
  0.000
  0.000
  0.000
163.283
 30.480
  0.000
  0.000
  0.000
  0.000
  0.000
  0.000
  0.000
  0.000
  0.000
  0.000
  0.000
  0.000
  0.000
  0.000
  0.000
  0.000
  0.000
  0.000
  0.000
  0.000
  0.000
  0.000
  0.000
  0.000
  0.000
  0.000
  0.000
  0.000
  0.000
  0.000
  0.000
  0.000
  0.000
  0.000
  0.000
  0.000
  0.000
  0.000
  0.000
  0.000
  0.000
  0.000
  0.000
  0.000
  0.000
  0.000
  0.000
  0.000
  0.000
  0.000
  0.000
  0.000
  0.000
  0.000
  0.000
  0.000
  0.000
  0.000
  0.000
  0.000
  0.000
  0.000
  0.000
  0.000
  0.000
  0.000
  0.000
  0.000
  0.000
  0.000
  0.000
  0.000
  0.000
  0.000
  0.000
  0.000
  0.000
  0.000
  0.000
  0.000
  0.000
  0.000
  0.000
  0.000
  0.000
  0.000
  0.000
  0.000
  0.000
  0.000
  0.000
  0.000
  0.000
  0.000
  0.000
  0.000
  0.000
  0.000
  0.000
  0.000
  0.000
  0.000
  0.000
  0.000
  1.466
  2.890
  1.424
  0.000
  1.383
  1.363
  0.000
  0.000
  0.000
  2.576
  0.000
  0.000
  0.000
  1.219
  1.203
  1.187
  5.856
  1.156
  2.281
  1.126
  1.111
  0.000
  2.166
  0.000
  0.000
  2.086
  0.000
  2.034
  2.009
  0.000
  3.921
  4.843
  0.957
  1.891
  1.869
  0.000
  0.000
  0.902
  0.000
  1.763
  0.871
  0.000
  0.000
  1.684
  0.833
  1.647
  1.628
  0.000
  0.796
  0.788
  1.559
  0.771
  0.000
  0.000
  0.000
  0.000
  0.000
  0.000
  0.716
  0.000
  0.000
  0.000
  0.000
  0.000
  0.673
  0.000
  0.660
  1.307
  0.000
  1.281
  0.634
  0.000
  0.000
  2.464
  0.610
  0.604
  1.197
  1.779
  1.762
  1.164
  0.577
  1.142
  1.132
  2.804
  0.000
  1.652
  2.182
  1.622
  0.000
  2.655
  1.053
  2.608
  1.551
  1.025
  1.524
  0.000
  1.498
  0.990
  0.491
  0.973
  1.930
  2.392
  0.949
  0.941
  1.865
  1.387
  0.917
  0.910
  1.804
  1.342
  0.444
  0.880
  0.437
  0.866
  0.859
  0.852
  1.268
  0.419
  0.832
  0.413
  0.410
  0.813
  0.7566668E+02  0.7566668E+02
  0.000
  0.000
  0.000
  0.000
  0.000
  0.000
  0.000
  0.000
  0.000
  0.000
  0.000
  0.000
  0.000
  0.000
  0.000
  0.000
  0.000
259.796
 77.492
  0.000
  0.000
  0.000
  0.000
  0.000
  0.000
  0.000
  0.000
  0.000
130.627
 30.480
 28.515
  0.000
  0.000
  0.000
  0.000
  0.000
  0.000
  0.000
  0.000
  0.000
  0.000
  0.000
  0.000
  0.000
  0.000
  0.000
  0.000
  0.000
  0.000
  0.000
  0.000
  0.000
  0.000
  0.000
  0.000
  0.000
  0.000
  0.000
  0.000
  0.000
  0.000
  0.000
  0.000
  0.000
  0.000
  0.000
  0.000
  0.000
  0.000
  0.000
  0.000
  0.000
  0.000
  0.000
  0.000
  0.000
  0.000
  0.000
  0.000
  0.000
  0.000
  0.000
  0.000
  0.000
  0.000
  0.000
  0.000
  0.000
  0.000
  0.000
  0.000
  0.000
  0.000
  0.000
  0.000
  0.000
  0.000
  0.000
  0.000
  0.000
  0.000
  0.000
  0.000
  0.000
  0.000
  0.000
  0.000
  0.000
  0.000
  0.000
  0.000
  0.000
  0.000
  0.000
  0.000
  0.000
  0.000
  0.000
  0.000
  0.000
  0.000
  0.000
  0.000
  0.000
  0.000
  0.000
  0.000
  0.000
  0.000
  0.000
  0.000
  0.000
  0.000
  0.000
  2.933
  2.890
  0.000
  1.403
  0.000
  1.363
  0.000
  0.000
  1.306
  1.288
  0.000
  0.000
  0.000
  0.000
  3.609
  1.187
  4.685
  1.156
  2.281
  1.126
  1.111
  0.000
  2.166
  0.000
  0.000
  1.043
  2.060
  1.017
  2.009
  0.992
  2.941
  4.843
  0.957
  1.891
  1.869
  0.000
  0.000
  0.000
  0.892
  1.763
  0.871
  0.000
  0.000
  1.684
  0.833
  1.647
  1.628
  0.000
  0.000
  1.576
  0.779
  1.542
  0.000
  0.000
  0.000
  0.000
  0.000
  0.000
  0.716
  0.000
  0.000
  0.000
  0.000
  0.000
  0.673
  0.000
  1.320
  0.653
  0.647
  1.281
  0.000
  0.000
  0.622
  1.232
  1.220
  0.604
  1.197
  2.965
  1.175
  0.582
  1.153
  0.571
  1.698
  1.682
  1.667
  0.551
  0.546
  3.244
  0.536
  1.593
  1.579
  2.608
  1.551
  1.538
  0.508
  0.504
  1.997
  0.495
  0.491
  0.973
  1.447
  2.870
  0.949
  0.941
  1.399
  1.387
  1.376
  1.365
  0.451
  1.342
  1.775
  0.440
  0.000
  1.299
  0.859
  0.852
  0.846
  0.839
  0.832
  0.413
  0.000
  1.219
  0.5792970E+02  0.5792970E+02
  0.000
  0.000
  0.000
  0.000
  0.000
  0.000
  0.000
  0.000
  0.000
  0.000
  0.000
  0.000
  0.000
  0.000
  0.000
  0.000
  0.000
173.197
154.984
  0.000
  0.000
  0.000
  0.000
  0.000
  0.000
  0.000
  0.000
  0.000
 97.970
 60.961
 28.515
  0.000
  0.000
  0.000
  0.000
  0.000
  0.000
  0.000
  0.000
  0.000
  0.000
  0.000
  0.000
  0.000
  0.000
  0.000
  0.000
  0.000
  0.000
  0.000
  0.000
  0.000
  0.000
  0.000
  0.000
  0.000
  0.000
  0.000
  0.000
  0.000
  0.000
  0.000
  0.000
  0.000
  0.000
  0.000
  0.000
  0.000
  0.000
  0.000
  0.000
  0.000
  0.000
  0.000
  0.000
  0.000
  0.000
  0.000
  0.000
  0.000
  0.000
  0.000
  0.000
  0.000
  0.000
  0.000
  0.000
  0.000
  0.000
  0.000
  0.000
  0.000
  0.000
  0.000
  0.000
  0.000
  0.000
  0.000
  0.000
  0.000
  0.000
  0.000
  0.000
  0.000
  0.000
  0.000
  0.000
  0.000
  0.000
  0.000
  0.000
  0.000
  0.000
  0.000
  0.000
  0.000
  0.000
  0.000
  0.000
  0.000
  0.000
  0.000
  0.000
  0.000
  0.000
  0.000
  0.000
  0.000
  0.000
  0.000
  0.000
  0.000
  0.000
  0.000
  1.466
  4.335
  1.424
  0.000
  0.000
  1.363
  0.000
  0.000
  1.306
  1.288
  0.000
  0.000
  0.000
  0.000
  2.406
  2.374
  5.856
  0.000
  2.281
  1.126
  1.111
  0.000
  1.083
  1.069
  0.000
  1.043
  2.060
  2.034
  1.005
  0.992
  2.941
  3.874
  1.914
  0.946
  2.803
  0.000
  0.000
  0.000
  0.892
  1.763
  0.871
  0.000
  0.000
  0.842
  1.665
  1.647
  0.814
  0.805
  0.000
  0.788
  1.559
  0.771
  0.763
  0.000
  0.000
  0.000
  0.000
  0.000
  0.716
  0.000
  0.000
  0.000
  0.000
  0.000
  0.673
  0.667
  0.660
  0.653
  1.294
  0.641
  0.000
  0.000
  1.244
  0.000
  2.441
  0.604
  1.197
  1.779
  1.762
  0.582
  0.577
  1.142
  1.698
  1.682
  1.667
  0.551
  1.637
  2.163
  1.072
  0.531
  2.105
  3.130
  1.034
  1.025
  0.508
  1.511
  1.498
  0.495
  0.981
  0.487
  1.447
  2.392
  0.949
  1.411
  1.399
  1.387
  0.917
  1.365
  1.353
  0.895
  1.331
  0.880
  0.000
  0.866
  0.859
  1.705
  0.423
  0.839
  1.248
  0.000
  0.000
  0.813
  0.1283583E+03  0.1283583E+03
  0.000
  0.000
  0.000
  0.000
  0.000
  0.000
  0.000
  0.000
  0.000
  0.000
  0.000
  0.000
  0.000
  0.000
  0.000
  0.000
  0.000
346.395
  0.000
  0.000
  0.000
  0.000
  0.000
  0.000
  0.000
  0.000
  0.000
 35.075
 97.970
 60.961
  0.000
  0.000
  0.000
  0.000
  0.000
  0.000
  0.000
  0.000
  0.000
  0.000
  0.000
  0.000
  0.000
  0.000
  0.000
  0.000
  0.000
  0.000
  0.000
  0.000
  0.000
  0.000
  0.000
  0.000
  0.000
  0.000
  0.000
  0.000
  0.000
  0.000
  0.000
  0.000
  0.000
  0.000
  0.000
  0.000
  0.000
  0.000
  0.000
  0.000
  0.000
  0.000
  0.000
  0.000
  0.000
  0.000
  0.000
  0.000
  0.000
  0.000
  0.000
  0.000
  0.000
  0.000
  0.000
  0.000
  0.000
  0.000
  0.000
  0.000
  0.000
  0.000
  0.000
  0.000
  0.000
  0.000
  0.000
  0.000
  0.000
  0.000
  0.000
  0.000
  0.000
  0.000
  0.000
  0.000
  0.000
  0.000
  0.000
  0.000
  0.000
  0.000
  0.000
  0.000
  0.000
  0.000
  0.000
  0.000
  0.000
  0.000
  0.000
  0.000
  0.000
  0.000
  0.000
  0.000
  0.000
  0.000
  0.000
  0.000
  0.000
  0.000
  0.000
  0.000
  2.933
  1.445
  1.424
  1.403
  0.000
  0.000
  1.344
  0.000
  1.306
  1.288
  0.000
  0.000
  0.000
  1.219
  0.000
  3.561
  4.685
  1.156
  0.000
  3.378
  0.000
  1.097
  0.000
  2.139
  0.000
  1.043
  2.060
  2.034
  1.005
  0.000
  4.902
  1.937
  2.871
  0.946
  2.803
  0.000
  0.000
  0.000
  1.783
  0.000
  1.742
  0.000
  0.000
  1.684
  2.498
  0.000
  1.628
  0.000
  0.796
  0.000
  2.338
  0.000
  0.763
  0.000
  0.000
  0.000
  0.000
  0.723
  0.000
  0.000
  0.000
  0.000
  0.000
  0.680
  0.000
  0.000
  0.660
  1.307
  0.000
  1.281
  0.634
  0.000
  0.622
  1.232
  1.220
  0.604
  1.197
  0.593
  3.525
  0.582
  0.577
  1.142
  1.698
  2.243
  0.556
  1.101
  1.637
  1.622
  1.072
  2.124
  1.053
  3.130
  0.517
  1.025
  1.524
  1.007
  1.498
  0.495
  0.981
  0.487
  1.447
  1.913
  1.897
  1.411
  0.933
  1.850
  0.917
  1.365
  0.902
  1.342
  0.888
  0.440
  0.873
  0.866
  0.859
  1.278
  0.423
  0.839
  0.832
  0.413
  0.410
  1.219
  0.1616569E+03  0.1616569E+03
  0.000
  0.000
  0.000
  0.000
  0.000
  0.000
  0.000
  0.000
  0.000
  0.000
  0.000
  0.000
  0.000
  0.000
  0.000
  0.000
  0.000
346.395
  0.000
  0.000
  0.000
  0.000
  0.000
  0.000
  0.000
  0.000
  0.000
 35.075
163.283
  0.000
  0.000
  0.000
  0.000
  0.000
  0.000
  0.000
  0.000
  0.000
  0.000
  0.000
  0.000
  0.000
  0.000
  0.000
  0.000
  0.000
  0.000
  0.000
  0.000
  0.000
  0.000
  0.000
  0.000
  0.000
  0.000
  0.000
  0.000
  0.000
  0.000
  0.000
  0.000
  0.000
  0.000
  0.000
  0.000
  0.000
  0.000
  0.000
  0.000
  0.000
  0.000
  0.000
  0.000
  0.000
  0.000
  0.000
  0.000
  0.000
  0.000
  0.000
  0.000
  0.000
  0.000
  0.000
  0.000
  0.000
  0.000
  0.000
  0.000
  0.000
  0.000
  0.000
  0.000
  0.000
  0.000
  0.000
  0.000
  0.000
  0.000
  0.000
  0.000
  0.000
  0.000
  0.000
  0.000
  0.000
  0.000
  0.000
  0.000
  0.000
  0.000
  0.000
  0.000
  0.000
  0.000
  0.000
  0.000
  0.000
  0.000
  0.000
  0.000
  0.000
  0.000
  0.000
  0.000
  0.000
  0.000
  0.000
  0.000
  0.000
  0.000
  0.000
  0.000
  1.488
  0.000
  2.890
  1.424
  0.000
  1.383
  0.000
  1.344
  0.000
  0.000
  2.576
  0.000
  0.000
  1.236
  0.000
  0.000
  3.561
  4.685
  1.156
  1.141
  2.252
  0.000
  1.097
  0.000
  2.139
  1.056
  1.043
  1.030
  2.034
  1.005
  0.992
  2.941
  3.874
  1.914
  1.891
  0.934
  0.923
  0.000
  0.902
  0.892
  0.000
  1.742
  0.000
  0.000
  1.684
  2.498
  0.823
  0.814
  0.000
  0.796
  1.576
  0.779
  0.771
  0.000
  0.000
  0.000
  0.000
  0.000
  0.723
  0.000
  0.000
  0.000
  0.000
  0.000
  0.680
  0.000
  0.000
  0.660
  0.653
  0.647
  0.641
  1.269
  0.000
  1.244
  0.000
  1.831
  0.604
  1.197
  1.186
  2.937
  0.582
  0.577
  1.142
  0.566
  3.365
  1.111
  1.101
  1.091
  1.622
  1.608
  1.593
  1.579
  1.565
  2.068
  0.513
  2.032
  1.007
  0.999
  0.495
  0.491
  0.973
  1.930
  1.435
  1.897
  0.941
  1.399
  1.850
  0.917
  0.910
  1.804
  0.895
  0.888
  0.880
  0.873
  0.866
  0.859
  0.852
  0.846
  0.419
  0.416
  1.238
  0.000
  1.219
  0.1603044E+03  0.1603044E+03
  0.000
  0.000
  0.000
  0.000
  0.000
  0.000
  0.000
  0.000
  0.000
  0.000
  0.000
  0.000
  0.000
  0.000
  0.000
  0.000
  0.000
259.796
 77.492
  0.000
  0.000
  0.000
  0.000
  0.000
  0.000
  0.000
  0.000
  0.000
 97.970
 91.441
  0.000
  0.000
  0.000
  0.000
  0.000
  0.000
  0.000
  0.000
  0.000
  0.000
  0.000
  0.000
  0.000
  0.000
  0.000
  0.000
  0.000
  0.000
  0.000
  0.000
  0.000
  0.000
  0.000
  0.000
  0.000
  0.000
  0.000
  0.000
  0.000
  0.000
  0.000
  0.000
  0.000
  0.000
  0.000
  0.000
  0.000
  0.000
  0.000
  0.000
  0.000
  0.000
  0.000
  0.000
  0.000
  0.000
  0.000
  0.000
  0.000
  0.000
  0.000
  0.000
  0.000
  0.000
  0.000
  0.000
  0.000
  0.000
  0.000
  0.000
  0.000
  0.000
  0.000
  0.000
  0.000
  0.000
  0.000
  0.000
  0.000
  0.000
  0.000
  0.000
  0.000
  0.000
  0.000
  0.000
  0.000
  0.000
  0.000
  0.000
  0.000
  0.000
  0.000
  0.000
  0.000
  0.000
  0.000
  0.000
  0.000
  0.000
  0.000
  0.000
  0.000
  0.000
  0.000
  0.000
  0.000
  0.000
  0.000
  0.000
  0.000
  0.000
  0.000
  1.488
  1.466
  1.445
  1.424
  0.000
  1.383
  0.000
  1.344
  0.000
  0.000
  2.576
  0.000
  0.000
  1.236
  0.000
  1.203
  4.748
  2.342
  2.312
  0.000
  2.252
  0.000
  1.097
  1.083
  0.000
  1.056
  2.086
  1.030
  2.034
  0.000
  1.985
  4.902
  0.969
  1.914
  1.891
  1.869
  0.000
  1.825
  0.000
  0.892
  0.000
  1.742
  0.000
  0.000
  0.842
  1.665
  1.647
  0.814
  0.805
  0.796
  0.788
  0.779
  1.542
  0.000
  0.000
  0.000
  0.000
  0.000
  0.000
  0.000
  0.709
  0.000
  0.000
  0.000
  0.680
  0.000
  0.667
  0.660
  0.653
  0.000
  1.281
  0.634
  0.000
  2.488
  0.000
  0.610
  1.209
  1.197
  1.186
  1.762
  1.164
  1.730
  0.000
  1.132
  2.804
  1.667
  0.000
  1.637
  2.163
  1.072
  1.062
  2.105
  2.087
  1.034
  1.025
  1.524
  1.007
  1.498
  0.495
  0.491
  0.973
  0.965
  2.870
  1.423
  0.470
  1.399
  2.775
  0.459
  0.910
  0.451
  1.790
  0.888
  0.880
  1.310
  0.433
  0.859
  0.426
  0.423
  1.678
  0.416
  0.826
  0.410
  0.813
  0.1481278E+03  0.1481278E+03
  0.000
  0.000
  0.000
  0.000
  0.000
  0.000
  0.000
  0.000
  0.000
  0.000
  0.000
  0.000
  0.000
  0.000
  0.000
  0.000
  0.000
173.197
154.984
  0.000
  0.000
  0.000
  0.000
  0.000
  0.000
  0.000
  0.000
  0.000
 32.657
152.402
  0.000
  0.000
  0.000
  0.000
  0.000
  0.000
  0.000
  0.000
  0.000
  0.000
  0.000
  0.000
  0.000
  0.000
  0.000
  0.000
  0.000
  0.000
  0.000
  0.000
  0.000
  0.000
  0.000
  0.000
  0.000
  0.000
  0.000
  0.000
  0.000
  0.000
  0.000
  0.000
  0.000
  0.000
  0.000
  0.000
  0.000
  0.000
  0.000
  0.000
  0.000
  0.000
  0.000
  0.000
  0.000
  0.000
  0.000
  0.000
  0.000
  0.000
  0.000
  0.000
  0.000
  0.000
  0.000
  0.000
  0.000
  0.000
  0.000
  0.000
  0.000
  0.000
  0.000
  0.000
  0.000
  0.000
  0.000
  0.000
  0.000
  0.000
  0.000
  0.000
  0.000
  0.000
  0.000
  0.000
  0.000
  0.000
  0.000
  0.000
  0.000
  0.000
  0.000
  0.000
  0.000
  0.000
  0.000
  0.000
  0.000
  0.000
  0.000
  0.000
  0.000
  0.000
  0.000
  0.000
  0.000
  0.000
  0.000
  0.000
  0.000
  0.000
  1.511
  0.000
  1.466
  1.445
  1.424
  1.403
  0.000
  1.363
  0.000
  0.000
  0.000
  2.576
  0.000
  1.253
  0.000
  0.000
  3.609
  2.374
  1.171
  1.156
  2.281
  1.126
  2.223
  0.000
  1.083
  0.000
  0.000
  3.128
  2.060
  0.000
  2.009
  1.985
  2.941
  2.906
  0.957
  1.891
  1.869
  0.000
  1.825
  0.000
  0.892
  0.000
  0.871
  0.861
  0.000
  1.684
  1.665
  0.823
  0.000
  0.805
  0.796
  1.576
  0.779
  1.542
  0.000
  0.000
  0.000
  0.000
  0.000
  0.000
  0.000
  0.709
  0.000
  0.000
  0.000
  0.680
  0.000
  0.667
  0.660
  0.653
  0.647
  0.641
  0.000
  0.628
  1.244
  1.232
  0.610
  1.209
  1.796
  0.593
  1.175
  2.328
  1.153
  0.571
  1.698
  1.122
  2.223
  0.000
  2.182
  1.622
  0.536
  3.186
  1.053
  1.043
  1.551
  1.538
  1.016
  1.007
  1.498
  0.495
  0.981
  0.000
  1.447
  2.870
  0.949
  0.470
  2.332
  1.850
  0.459
  1.365
  0.451
  1.342
  0.444
  3.081
  0.000
  0.433
  0.859
  0.426
  0.423
  2.097
  0.000
  0.826
  0.410
  0.000
  0.2295185E+03  0.2295185E+03
  0.000
  0.000
  0.000
  0.000
  0.000
  0.000
  0.000
  0.000
  0.000
  0.000
  0.000
  0.000
  0.000
  0.000
  0.000
  0.000
  0.000
346.395
  0.000
  0.000
  0.000
  0.000
  0.000
  0.000
  0.000
  0.000
  0.000
  0.000
130.627
 60.961
  0.000
  0.000
  0.000
  0.000
  0.000
  0.000
  0.000
  0.000
  0.000
  0.000
  0.000
  0.000
  0.000
  0.000
  0.000
  0.000
  0.000
  0.000
  0.000
  0.000
  0.000
  0.000
  0.000
  0.000
  0.000
  0.000
  0.000
  0.000
  0.000
  0.000
  0.000
  0.000
  0.000
  0.000
  0.000
  0.000
  0.000
  0.000
  0.000
  0.000
  0.000
  0.000
  0.000
  0.000
  0.000
  0.000
  0.000
  0.000
  0.000
  0.000
  0.000
  0.000
  0.000
  0.000
  0.000
  0.000
  0.000
  0.000
  0.000
  0.000
  0.000
  0.000
  0.000
  0.000
  0.000
  0.000
  0.000
  0.000
  0.000
  0.000
  0.000
  0.000
  0.000
  0.000
  0.000
  0.000
  0.000
  0.000
  0.000
  0.000
  0.000
  0.000
  0.000
  0.000
  0.000
  0.000
  0.000
  0.000
  0.000
  0.000
  0.000
  0.000
  0.000
  0.000
  0.000
  0.000
  0.000
  0.000
  0.000
  0.000
  0.000
  0.000
  0.000
  1.488
  0.000
  2.890
  1.424
  1.403
  0.000
  1.363
  0.000
  0.000
  2.613
  0.000
  0.000
  1.253
  0.000
  1.219
  1.203
  2.374
  1.171
  2.312
  0.000
  3.378
  1.111
  1.097
  1.083
  0.000
  1.056
  2.086
  2.060
  1.017
  1.005
  1.985
  2.941
  2.906
  0.000
  2.837
  1.869
  1.847
  0.000
  0.902
  0.000
  0.000
  0.871
  0.861
  1.703
  1.684
  0.000
  0.823
  0.000
  0.805
  0.796
  1.576
  0.779
  1.542
  0.000
  0.000
  0.000
  0.000
  0.000
  0.723
  0.000
  0.000
  0.000
  0.000
  0.687
  0.000
  0.000
  0.000
  0.660
  0.653
  1.294
  0.000
  0.634
  0.628
  0.000
  2.464
  0.610
  0.604
  1.197
  0.593
  2.350
  1.746
  1.153
  0.571
  2.264
  1.682
  1.667
  0.000
  1.637
  1.622
  1.608
  2.655
  1.053
  0.522
  2.585
  1.025
  1.016
  1.007
  1.997
  0.000
  0.981
  0.000
  1.930
  1.435
  1.897
  0.470
  1.865
  1.850
  1.376
  1.365
  0.451
  1.342
  1.775
  1.320
  0.000
  1.299
  0.000
  0.852
  1.268
  0.000
  0.416
  1.238
  0.410
  1.219
