   1   5   1   0  0.1981195E+03  0.5000000E+02
  CAR 
 unknown system                          
   0   0   0
   1   1
 256 256 256
 256
  0.1000000E-09
  0.6250000E-11
  10
  0.2000000E-14  0.9756835E-09  0.9932853E-09  0.1022350E-08
  0.5511158E+02  0.5511158E+02
  0.000
  0.000
  0.000
  0.000
  0.000
  0.000
  0.000
  0.000
  0.000
  0.000
  0.000
  0.000
  0.000
  0.000
  0.000
  0.000
  0.000
337.290
  0.000
  0.000
  0.000
  0.000
  0.000
  0.000
  0.000
  0.000
  0.000
  0.000
158.991
 29.679
  0.000
  0.000
  0.000
  0.000
  0.000
  0.000
  0.000
  0.000
  0.000
  0.000
  0.000
  0.000
  0.000
  0.000
  0.000
  0.000
  0.000
  0.000
  0.000
  0.000
  0.000
  0.000
  0.000
  0.000
  0.000
  0.000
  0.000
  0.000
  0.000
  0.000
  0.000
  0.000
  0.000
  0.000
  0.000
  0.000
  0.000
  0.000
  0.000
  0.000
  0.000
  0.000
  0.000
  0.000
  0.000
  0.000
  0.000
  0.000
  0.000
  0.000
  0.000
  0.000
  0.000
  0.000
  0.000
  0.000
  0.000
  0.000
  0.000
  0.000
  0.000
  0.000
  0.000
  0.000
  0.000
  0.000
  0.000
  0.000
  0.000
  0.000
  0.000
  0.000
  0.000
  0.000
  0.000
  0.000
  0.000
  0.000
  0.000
  0.000
  0.000
  0.000
  0.000
  0.000
  0.000
  0.000
  0.000
  0.000
  0.000
  0.000
  0.000
  0.000
  0.000
  0.000
  0.000
  0.000
  0.000
  0.000
  0.000
  0.000
  0.000
  0.000
  1.471
  0.000
  4.284
  0.000
  2.773
  0.000
  0.000
  1.327
  0.000
  0.000
  0.000
  1.254
  0.000
  0.000
  0.000
  1.187
  2.343
  4.623
  1.140
  4.502
  1.111
  1.096
  1.082
  0.000
  1.055
  1.041
  1.028
  1.015
  2.005
  1.981
  1.956
  1.933
  2.864
  1.886
  0.932
  0.921
  0.000
  0.899
  0.889
  0.000
  0.868
  0.858
  1.697
  0.000
  0.000
  0.820
  2.432
  1.603
  0.793
  1.568
  0.000
  0.767
  0.759
  0.000
  0.000
  0.000
  0.000
  0.000
  0.000
  0.000
  0.697
  0.000
  0.000
  0.000
  0.000
  0.662
  1.311
  0.000
  1.285
  0.636
  0.630
  0.000
  0.618
  1.223
  0.606
  1.800
  2.377
  1.177
  0.583
  0.577
  1.144
  2.833
  0.561
  1.669
  1.102
  0.546
  1.623
  1.608
  1.063
  3.685
  0.000
  0.517
  0.513
  2.032
  2.014
  1.497
  0.495
  0.490
  2.917
  0.000
  1.911
  1.421
  0.939
  1.863
  2.309
  0.916
  0.000
  1.351
  1.340
  1.329
  0.439
  0.871
  1.296
  0.857
  1.275
  0.422
  0.837
  0.000
  0.412
  1.225
  0.810
  0.402
  0.798
  0.396
  0.7583660E+02  0.7583660E+02
  0.000
  0.000
  0.000
  0.000
  0.000
  0.000
  0.000
  0.000
  0.000
  0.000
  0.000
  0.000
  0.000
  0.000
  0.000
  0.000
  0.000
337.290
  0.000
  0.000
  0.000
  0.000
  0.000
  0.000
  0.000
  0.000
  0.000
 34.153
158.991
  0.000
  0.000
  0.000
  0.000
  0.000
  0.000
  0.000
  0.000
  0.000
  0.000
  0.000
  0.000
  0.000
  0.000
  0.000
  0.000
  0.000
  0.000
  0.000
  0.000
  0.000
  0.000
  0.000
  0.000
  0.000
  0.000
  0.000
  0.000
  0.000
  0.000
  0.000
  0.000
  0.000
  0.000
  0.000
  0.000
  0.000
  0.000
  0.000
  0.000
  0.000
  0.000
  0.000
  0.000
  0.000
  0.000
  0.000
  0.000
  0.000
  0.000
  0.000
  0.000
  0.000
  0.000
  0.000
  0.000
  0.000
  0.000
  0.000
  0.000
  0.000
  0.000
  0.000
  0.000
  0.000
  0.000
  0.000
  0.000
  0.000
  0.000
  0.000
  0.000
  0.000
  0.000
  0.000
  0.000
  0.000
  0.000
  0.000
  0.000
  0.000
  0.000
  0.000
  0.000
  0.000
  0.000
  0.000
  0.000
  0.000
  0.000
  0.000
  0.000
  0.000
  0.000
  0.000
  0.000
  0.000
  0.000
  0.000
  0.000
  0.000
  0.000
  1.494
  0.000
  0.000
  4.284
  0.000
  2.773
  0.000
  1.347
  0.000
  0.000
  0.000
  0.000
  1.254
  0.000
  0.000
  0.000
  1.187
  1.171
  4.623
  2.281
  2.251
  2.221
  3.289
  0.000
  0.000
  2.109
  1.041
  0.000
  1.015
  2.005
  1.981
  0.978
  2.899
  2.864
  1.886
  0.932
  0.921
  0.000
  0.899
  0.889
  0.000
  0.868
  0.858
  1.697
  0.000
  0.000
  1.640
  2.432
  0.802
  0.793
  1.568
  0.776
  0.000
  0.759
  0.000
  0.000
  0.000
  0.000
  0.000
  0.000
  0.000
  0.697
  0.000
  0.000
  0.000
  0.000
  1.324
  0.000
  0.649
  1.285
  0.636
  0.000
  0.624
  0.618
  1.223
  0.606
  0.600
  2.971
  1.177
  1.166
  0.577
  0.572
  2.833
  1.123
  1.669
  1.102
  0.546
  1.082
  2.145
  1.594
  3.159
  0.000
  0.517
  0.513
  2.032
  1.511
  1.996
  0.495
  1.962
  0.486
  0.964
  1.911
  0.948
  0.470
  3.260
  1.847
  0.916
  0.454
  1.801
  0.893
  0.886
  0.439
  0.436
  1.296
  0.857
  1.700
  0.422
  0.837
  0.415
  0.000
  1.225
  0.810
  0.402
  0.798
  0.396
  0.1331154E+03  0.1331154E+03
  0.000
  0.000
  0.000
  0.000
  0.000
  0.000
  0.000
  0.000
  0.000
  0.000
  0.000
  0.000
  0.000
  0.000
  0.000
  0.000
  0.000
252.967
 75.455
  0.000
  0.000
  0.000
  0.000
  0.000
  0.000
  0.000
  0.000
 34.153
 63.596
 89.037
  0.000
  0.000
  0.000
  0.000
  0.000
  0.000
  0.000
  0.000
  0.000
  0.000
  0.000
  0.000
  0.000
  0.000
  0.000
  0.000
  0.000
  0.000
  0.000
  0.000
  0.000
  0.000
  0.000
  0.000
  0.000
  0.000
  0.000
  0.000
  0.000
  0.000
  0.000
  0.000
  0.000
  0.000
  0.000
  0.000
  0.000
  0.000
  0.000
  0.000
  0.000
  0.000
  0.000
  0.000
  0.000
  0.000
  0.000
  0.000
  0.000
  0.000
  0.000
  0.000
  0.000
  0.000
  0.000
  0.000
  0.000
  0.000
  0.000
  0.000
  0.000
  0.000
  0.000
  0.000
  0.000
  0.000
  0.000
  0.000
  0.000
  0.000
  0.000
  0.000
  0.000
  0.000
  0.000
  0.000
  0.000
  0.000
  0.000
  0.000
  0.000
  0.000
  0.000
  0.000
  0.000
  0.000
  0.000
  0.000
  0.000
  0.000
  0.000
  0.000
  0.000
  0.000
  0.000
  0.000
  0.000
  0.000
  0.000
  0.000
  0.000
  1.494
  0.000
  1.449
  2.856
  0.000
  1.386
  1.366
  1.347
  0.000
  0.000
  0.000
  0.000
  1.254
  0.000
  0.000
  0.000
  1.187
  2.343
  4.623
  1.140
  3.376
  3.332
  0.000
  1.082
  1.068
  1.055
  1.041
  0.000
  2.031
  0.000
  1.981
  1.956
  0.966
  3.818
  2.829
  0.932
  0.921
  0.000
  0.899
  0.889
  0.000
  0.000
  1.716
  1.697
  0.000
  0.829
  0.000
  2.432
  1.603
  0.793
  0.784
  1.551
  0.000
  0.000
  0.751
  0.000
  0.000
  0.000
  0.000
  0.000
  0.000
  0.000
  0.690
  0.000
  0.000
  0.669
  0.662
  0.656
  0.000
  0.000
  1.909
  0.630
  0.624
  1.235
  0.000
  1.212
  0.600
  2.377
  0.589
  2.332
  0.000
  1.144
  2.267
  1.684
  1.669
  0.551
  0.546
  1.623
  1.608
  2.125
  2.632
  0.000
  0.517
  1.025
  1.016
  1.511
  1.996
  0.495
  2.452
  0.486
  0.964
  1.911
  0.948
  1.409
  2.329
  1.847
  0.916
  0.000
  1.801
  0.447
  1.329
  0.879
  0.436
  0.432
  1.714
  1.275
  0.843
  0.418
  0.415
  0.823
  1.225
  0.000
  0.804
  0.399
  0.791
  0.1045027E+03  0.1045027E+03
  0.000
  0.000
  0.000
  0.000
  0.000
  0.000
  0.000
  0.000
  0.000
  0.000
  0.000
  0.000
  0.000
  0.000
  0.000
  0.000
 94.850
  0.000
226.365
  0.000
  0.000
  0.000
  0.000
  0.000
  0.000
  0.000
  0.000
 34.153
 63.596
 59.358
 27.765
  0.000
  0.000
  0.000
  0.000
  0.000
  0.000
  0.000
  0.000
  0.000
  0.000
  0.000
  0.000
  0.000
  0.000
  0.000
  0.000
  0.000
  0.000
  0.000
  0.000
  0.000
  0.000
  0.000
  0.000
  0.000
  0.000
  0.000
  0.000
  0.000
  0.000
  0.000
  0.000
  0.000
  0.000
  0.000
  0.000
  0.000
  0.000
  0.000
  0.000
  0.000
  0.000
  0.000
  0.000
  0.000
  0.000
  0.000
  0.000
  0.000
  0.000
  0.000
  0.000
  0.000
  0.000
  0.000
  0.000
  0.000
  0.000
  0.000
  0.000
  0.000
  0.000
  0.000
  0.000
  0.000
  0.000
  0.000
  0.000
  0.000
  0.000
  0.000
  0.000
  0.000
  0.000
  0.000
  0.000
  0.000
  0.000
  0.000
  0.000
  0.000
  0.000
  0.000
  0.000
  0.000
  0.000
  0.000
  0.000
  0.000
  0.000
  0.000
  0.000
  0.000
  0.000
  0.000
  0.000
  0.000
  0.000
  0.000
  0.000
  1.494
  0.000
  2.899
  0.000
  1.407
  1.386
  0.000
  1.347
  1.327
  0.000
  0.000
  0.000
  1.254
  0.000
  0.000
  0.000
  4.749
  1.171
  3.467
  1.140
  3.376
  2.221
  0.000
  1.082
  2.137
  0.000
  1.041
  0.000
  2.031
  0.000
  0.000
  4.891
  0.966
  2.864
  2.829
  0.000
  1.841
  0.000
  0.899
  0.000
  0.878
  0.868
  1.716
  0.848
  0.000
  0.829
  0.000
  1.621
  2.405
  0.000
  0.784
  1.551
  0.767
  0.000
  0.751
  0.000
  0.000
  0.000
  0.000
  0.000
  0.000
  0.000
  0.000
  0.683
  0.000
  0.000
  1.324
  0.656
  0.000
  0.643
  1.272
  1.260
  0.624
  0.618
  0.000
  1.817
  1.800
  1.188
  0.589
  1.166
  1.732
  0.572
  1.133
  2.246
  1.112
  1.102
  0.546
  0.000
  3.217
  3.188
  1.053
  0.522
  0.517
  1.025
  0.508
  1.007
  2.995
  1.484
  1.471
  0.486
  1.446
  0.956
  1.895
  0.470
  2.329
  2.771
  0.458
  0.908
  0.450
  1.340
  0.886
  0.439
  1.307
  0.000
  0.857
  1.700
  1.265
  0.837
  0.415
  0.000
  1.225
  0.405
  0.402
  0.798
  0.791
  0.1622422E+03  0.1622422E+03
  0.000
  0.000
  0.000
  0.000
  0.000
  0.000
  0.000
  0.000
  0.000
  0.000
  0.000
  0.000
  0.000
  0.000
  0.000
  0.000
  0.000
252.967
 75.455
  0.000
  0.000
  0.000
  0.000
  0.000
  0.000
  0.000
  0.000
  0.000
127.193
 59.358
  0.000
  0.000
  0.000
  0.000
  0.000
  0.000
  0.000
  0.000
  0.000
  0.000
  0.000
  0.000
  0.000
  0.000
  0.000
  0.000
  0.000
  0.000
  0.000
  0.000
  0.000
  0.000
  0.000
  0.000
  0.000
  0.000
  0.000
  0.000
  0.000
  0.000
  0.000
  0.000
  0.000
  0.000
  0.000
  0.000
  0.000
  0.000
  0.000
  0.000
  0.000
  0.000
  0.000
  0.000
  0.000
  0.000
  0.000
  0.000
  0.000
  0.000
  0.000
  0.000
  0.000
  0.000
  0.000
  0.000
  0.000
  0.000
  0.000
  0.000
  0.000
  0.000
  0.000
  0.000
  0.000
  0.000
  0.000
  0.000
  0.000
  0.000
  0.000
  0.000
  0.000
  0.000
  0.000
  0.000
  0.000
  0.000
  0.000
  0.000
  0.000
  0.000
  0.000
  0.000
  0.000
  0.000
  0.000
  0.000
  0.000
  0.000
  0.000
  0.000
  0.000
  0.000
  0.000
  0.000
  0.000
  0.000
  0.000
  0.000
  1.517
  0.000
  0.000
  0.000
  4.284
  0.000
  1.386
  1.366
  0.000
  1.327
  0.000
  0.000
  0.000
  0.000
  1.237
  0.000
  0.000
  3.562
  1.171
  3.467
  2.281
  2.251
  2.221
  0.000
  3.246
  0.000
  1.055
  1.041
  0.000
  1.015
  1.003
  0.990
  3.913
  0.966
  3.818
  0.943
  0.932
  0.921
  0.910
  0.899
  0.000
  0.000
  0.868
  2.574
  0.848
  0.000
  0.829
  1.640
  0.811
  1.603
  0.000
  0.784
  1.551
  0.767
  0.759
  0.000
  0.000
  0.000
  0.000
  0.000
  0.000
  0.000
  0.000
  0.690
  0.000
  0.000
  0.000
  1.324
  0.656
  0.649
  0.643
  0.000
  0.630
  1.247
  1.235
  0.000
  0.606
  3.600
  0.594
  0.589
  1.166
  1.155
  1.144
  1.700
  1.684
  0.556
  1.102
  1.092
  0.000
  1.072
  5.313
  1.579
  0.000
  0.517
  1.025
  0.508
  2.014
  1.996
  1.484
  0.490
  1.945
  0.482
  2.389
  0.474
  1.409
  2.795
  1.847
  0.458
  0.454
  1.351
  0.893
  0.886
  0.439
  0.871
  0.432
  1.286
  1.700
  1.265
  0.000
  0.830
  0.823
  0.408
  0.405
  0.402
  0.399
  1.187
  0.1660792E+03  0.1660792E+03
  0.000
  0.000
  0.000
  0.000
  0.000
  0.000
  0.000
  0.000
  0.000
  0.000
  0.000
  0.000
  0.000
  0.000
  0.000
  0.000
  0.000
337.290
  0.000
  0.000
  0.000
  0.000
  0.000
  0.000
  0.000
  0.000
  0.000
 34.153
127.193
 29.679
  0.000
  0.000
  0.000
  0.000
  0.000
  0.000
  0.000
  0.000
  0.000
  0.000
  0.000
  0.000
  0.000
  0.000
  0.000
  0.000
  0.000
  0.000
  0.000
  0.000
  0.000
  0.000
  0.000
  0.000
  0.000
  0.000
  0.000
  0.000
  0.000
  0.000
  0.000
  0.000
  0.000
  0.000
  0.000
  0.000
  0.000
  0.000
  0.000
  0.000
  0.000
  0.000
  0.000
  0.000
  0.000
  0.000
  0.000
  0.000
  0.000
  0.000
  0.000
  0.000
  0.000
  0.000
  0.000
  0.000
  0.000
  0.000
  0.000
  0.000
  0.000
  0.000
  0.000
  0.000
  0.000
  0.000
  0.000
  0.000
  0.000
  0.000
  0.000
  0.000
  0.000
  0.000
  0.000
  0.000
  0.000
  0.000
  0.000
  0.000
  0.000
  0.000
  0.000
  0.000
  0.000
  0.000
  0.000
  0.000
  0.000
  0.000
  0.000
  0.000
  0.000
  0.000
  0.000
  0.000
  0.000
  0.000
  0.000
  0.000
  1.517
  0.000
  0.000
  0.000
  2.856
  1.407
  0.000
  2.732
  1.347
  0.000
  0.000
  0.000
  0.000
  0.000
  1.237
  0.000
  0.000
  2.375
  1.171
  3.467
  3.421
  2.251
  2.221
  1.096
  0.000
  2.137
  2.109
  0.000
  0.000
  1.015
  2.005
  0.990
  2.935
  1.933
  2.864
  0.943
  0.000
  1.841
  0.910
  0.899
  0.000
  0.000
  1.736
  0.858
  1.697
  0.000
  0.829
  1.640
  1.621
  1.603
  0.000
  0.000
  2.327
  0.000
  0.759
  0.000
  0.000
  0.000
  0.000
  0.000
  0.000
  0.704
  0.000
  0.000
  0.000
  0.000
  0.669
  0.662
  0.000
  1.298
  0.643
  0.000
  0.000
  1.247
  1.853
  0.000
  0.606
  2.400
  1.188
  1.177
  1.166
  0.577
  1.716
  1.700
  1.684
  0.556
  1.102
  0.546
  0.541
  2.145
  3.188
  2.632
  0.522
  0.000
  0.513
  1.524
  3.021
  0.998
  0.000
  1.471
  1.945
  0.000
  1.911
  1.421
  1.879
  2.329
  2.309
  0.000
  0.454
  1.351
  1.340
  0.886
  0.439
  0.436
  0.864
  1.286
  0.850
  1.687
  0.418
  0.000
  1.647
  0.000
  0.810
  0.402
  0.000
  0.396
  0.8706953E+02  0.8706953E+02
  0.000
  0.000
  0.000
  0.000
  0.000
  0.000
  0.000
  0.000
  0.000
  0.000
  0.000
  0.000
  0.000
  0.000
  0.000
  0.000
 94.850
168.645
 75.455
  0.000
  0.000
  0.000
  0.000
  0.000
  0.000
  0.000
  0.000
 68.305
 95.395
 29.679
  0.000
  0.000
  0.000
  0.000
  0.000
  0.000
  0.000
  0.000
  0.000
  0.000
  0.000
  0.000
  0.000
  0.000
  0.000
  0.000
  0.000
  0.000
  0.000
  0.000
  0.000
  0.000
  0.000
  0.000
  0.000
  0.000
  0.000
  0.000
  0.000
  0.000
  0.000
  0.000
  0.000
  0.000
  0.000
  0.000
  0.000
  0.000
  0.000
  0.000
  0.000
  0.000
  0.000
  0.000
  0.000
  0.000
  0.000
  0.000
  0.000
  0.000
  0.000
  0.000
  0.000
  0.000
  0.000
  0.000
  0.000
  0.000
  0.000
  0.000
  0.000
  0.000
  0.000
  0.000
  0.000
  0.000
  0.000
  0.000
  0.000
  0.000
  0.000
  0.000
  0.000
  0.000
  0.000
  0.000
  0.000
  0.000
  0.000
  0.000
  0.000
  0.000
  0.000
  0.000
  0.000
  0.000
  0.000
  0.000
  0.000
  0.000
  0.000
  0.000
  0.000
  0.000
  0.000
  0.000
  0.000
  0.000
  0.000
  0.000
  0.000
  1.494
  0.000
  1.449
  0.000
  2.814
  1.386
  1.366
  0.000
  1.327
  0.000
  0.000
  0.000
  0.000
  1.237
  0.000
  1.204
  0.000
  3.514
  3.467
  1.140
  3.376
  1.111
  2.193
  1.082
  1.068
  2.109
  0.000
  1.028
  0.000
  2.005
  1.981
  1.956
  2.899
  0.955
  1.886
  0.000
  1.841
  0.000
  0.899
  0.889
  0.000
  2.604
  0.000
  0.848
  0.839
  0.829
  1.640
  1.621
  1.603
  0.000
  1.568
  0.776
  0.000
  0.000
  0.751
  0.000
  0.000
  0.000
  0.000
  0.000
  0.704
  0.000
  0.000
  0.000
  0.676
  0.000
  0.000
  0.656
  0.000
  1.928
  0.636
  0.000
  0.624
  1.235
  0.612
  1.212
  1.800
  1.188
  1.177
  1.166
  0.000
  1.716
  2.833
  0.561
  1.112
  0.551
  1.092
  0.541
  2.145
  3.188
  2.106
  1.044
  0.000
  1.025
  1.524
  1.511
  1.497
  0.989
  0.490
  1.945
  1.928
  0.956
  1.895
  0.939
  3.260
  0.924
  0.458
  0.000
  1.351
  1.786
  1.329
  0.439
  0.000
  1.296
  1.286
  0.425
  1.265
  0.837
  1.245
  0.000
  0.408
  1.215
  0.000
  0.399
  0.396
  0.1311275E+03  0.1311275E+03
  0.000
  0.000
  0.000
  0.000
  0.000
  0.000
  0.000
  0.000
  0.000
  0.000
  0.000
  0.000
  0.000
  0.000
  0.000
  0.000
 94.850
252.967
  0.000
  0.000
  0.000
  0.000
  0.000
  0.000
  0.000
  0.000
  0.000
 68.305
 63.596
 59.358
  0.000
  0.000
  0.000
  0.000
  0.000
  0.000
  0.000
  0.000
  0.000
  0.000
  0.000
  0.000
  0.000
  0.000
  0.000
  0.000
  0.000
  0.000
  0.000
  0.000
  0.000
  0.000
  0.000
  0.000
  0.000
  0.000
  0.000
  0.000
  0.000
  0.000
  0.000
  0.000
  0.000
  0.000
  0.000
  0.000
  0.000
  0.000
  0.000
  0.000
  0.000
  0.000
  0.000
  0.000
  0.000
  0.000
  0.000
  0.000
  0.000
  0.000
  0.000
  0.000
  0.000
  0.000
  0.000
  0.000
  0.000
  0.000
  0.000
  0.000
  0.000
  0.000
  0.000
  0.000
  0.000
  0.000
  0.000
  0.000
  0.000
  0.000
  0.000
  0.000
  0.000
  0.000
  0.000
  0.000
  0.000
  0.000
  0.000
  0.000
  0.000
  0.000
  0.000
  0.000
  0.000
  0.000
  0.000
  0.000
  0.000
  0.000
  0.000
  0.000
  0.000
  0.000
  0.000
  0.000
  0.000
  0.000
  0.000
  0.000
  0.000
  1.494
  0.000
  1.449
  0.000
  2.814
  1.386
  1.366
  0.000
  1.327
  0.000
  0.000
  0.000
  0.000
  1.237
  0.000
  1.204
  0.000
  4.685
  2.311
  0.000
  5.627
  0.000
  2.193
  0.000
  2.137
  2.109
  0.000
  1.028
  0.000
  2.005
  0.990
  2.935
  3.865
  0.000
  1.886
  0.932
  0.000
  0.910
  0.899
  0.889
  0.000
  2.604
  0.000
  0.848
  0.839
  0.829
  1.640
  1.621
  1.603
  0.000
  0.784
  0.776
  0.767
  0.000
  0.751
  0.000
  0.000
  0.000
  0.000
  0.000
  0.704
  0.000
  0.000
  0.000
  0.676
  0.000
  0.000
  0.656
  0.649
  1.285
  0.636
  0.000
  0.624
  1.235
  0.612
  1.212
  1.800
  1.188
  1.766
  0.583
  0.000
  0.572
  3.967
  0.561
  1.112
  0.551
  1.092
  1.082
  1.072
  3.719
  2.106
  1.044
  0.000
  0.513
  2.032
  2.014
  0.499
  1.484
  0.981
  1.945
  1.446
  0.956
  1.895
  0.939
  2.795
  1.385
  0.000
  0.454
  1.801
  1.340
  1.329
  0.439
  0.000
  0.432
  2.143
  0.850
  0.843
  0.837
  1.245
  0.000
  0.408
  1.215
  0.000
  0.399
  0.791
  0.8731033E+02  0.8731033E+02
  0.000
  0.000
  0.000
  0.000
  0.000
  0.000
  0.000
  0.000
  0.000
  0.000
  0.000
  0.000
  0.000
  0.000
  0.000
  0.000
  0.000
168.645
150.910
  0.000
  0.000
  0.000
  0.000
  0.000
  0.000
  0.000
  0.000
  0.000
127.193
 29.679
 27.765
  0.000
  0.000
  0.000
  0.000
  0.000
  0.000
  0.000
  0.000
  0.000
  0.000
  0.000
  0.000
  0.000
  0.000
  0.000
  0.000
  0.000
  0.000
  0.000
  0.000
  0.000
  0.000
  0.000
  0.000
  0.000
  0.000
  0.000
  0.000
  0.000
  0.000
  0.000
  0.000
  0.000
  0.000
  0.000
  0.000
  0.000
  0.000
  0.000
  0.000
  0.000
  0.000
  0.000
  0.000
  0.000
  0.000
  0.000
  0.000
  0.000
  0.000
  0.000
  0.000
  0.000
  0.000
  0.000
  0.000
  0.000
  0.000
  0.000
  0.000
  0.000
  0.000
  0.000
  0.000
  0.000
  0.000
  0.000
  0.000
  0.000
  0.000
  0.000
  0.000
  0.000
  0.000
  0.000
  0.000
  0.000
  0.000
  0.000
  0.000
  0.000
  0.000
  0.000
  0.000
  0.000
  0.000
  0.000
  0.000
  0.000
  0.000
  0.000
  0.000
  0.000
  0.000
  0.000
  0.000
  0.000
  0.000
  0.000
  1.517
  0.000
  0.000
  0.000
  2.856
  1.407
  1.386
  1.366
  1.347
  0.000
  0.000
  0.000
  0.000
  0.000
  1.237
  0.000
  1.204
  2.375
  1.171
  3.467
  0.000
  5.627
  1.111
  1.096
  0.000
  2.137
  2.109
  0.000
  0.000
  1.015
  2.005
  0.000
  4.891
  1.933
  0.955
  0.943
  1.864
  0.000
  0.910
  0.899
  0.889
  0.000
  0.868
  1.716
  1.697
  0.000
  1.658
  0.000
  0.811
  3.207
  0.000
  0.000
  0.776
  1.534
  0.759
  0.000
  0.000
  0.000
  0.000
  0.000
  0.000
  0.704
  0.000
  0.000
  0.000
  0.676
  0.000
  0.662
  0.000
  1.947
  0.000
  0.000
  0.630
  0.624
  1.853
  0.612
  1.212
  1.200
  1.783
  0.589
  1.166
  0.577
  1.716
  2.833
  0.561
  1.112
  0.000
  1.638
  0.541
  2.145
  2.656
  2.106
  1.044
  0.000
  0.000
  3.048
  1.511
  0.499
  1.484
  0.981
  1.459
  1.928
  0.478
  1.421
  1.409
  2.795
  1.847
  0.458
  0.454
  0.450
  1.786
  1.329
  0.439
  0.436
  0.432
  1.286
  1.275
  0.000
  2.091
  0.830
  0.823
  0.000
  0.405
  0.804
  0.399
  0.396
  0.9465621E+02  0.9465621E+02
  0.000
  0.000
  0.000
  0.000
  0.000
  0.000
  0.000
  0.000
  0.000
  0.000
  0.000
  0.000
  0.000
  0.000
  0.000
  0.000
  0.000
168.645
150.910
  0.000
  0.000
  0.000
  0.000
  0.000
  0.000
  0.000
  0.000
  0.000
127.193
 59.358
  0.000
  0.000
  0.000
  0.000
  0.000
  0.000
  0.000
  0.000
  0.000
  0.000
  0.000
  0.000
  0.000
  0.000
  0.000
  0.000
  0.000
  0.000
  0.000
  0.000
  0.000
  0.000
  0.000
  0.000
  0.000
  0.000
  0.000
  0.000
  0.000
  0.000
  0.000
  0.000
  0.000
  0.000
  0.000
  0.000
  0.000
  0.000
  0.000
  0.000
  0.000
  0.000
  0.000
  0.000
  0.000
  0.000
  0.000
  0.000
  0.000
  0.000
  0.000
  0.000
  0.000
  0.000
  0.000
  0.000
  0.000
  0.000
  0.000
  0.000
  0.000
  0.000
  0.000
  0.000
  0.000
  0.000
  0.000
  0.000
  0.000
  0.000
  0.000
  0.000
  0.000
  0.000
  0.000
  0.000
  0.000
  0.000
  0.000
  0.000
  0.000
  0.000
  0.000
  0.000
  0.000
  0.000
  0.000
  0.000
  0.000
  0.000
  0.000
  0.000
  0.000
  0.000
  0.000
  0.000
  0.000
  0.000
  0.000
  1.540
  0.000
  0.000
  0.000
  0.000
  2.856
  1.407
  1.386
  1.366
  1.347
  0.000
  0.000
  0.000
  0.000
  0.000
  1.237
  0.000
  1.204
  2.375
  1.171
  2.311
  1.140
  5.627
  1.111
  0.000
  1.082
  3.205
  1.055
  0.000
  0.000
  2.031
  0.000
  0.990
  3.913
  2.899
  0.955
  1.886
  0.932
  0.921
  0.000
  1.798
  0.000
  0.000
  0.868
  2.574
  0.848
  0.000
  1.658
  0.820
  0.000
  2.405
  0.793
  0.000
  0.776
  1.534
  0.759
  0.000
  0.000
  0.000
  0.000
  0.000
  0.000
  0.704
  0.000
  0.000
  0.000
  0.676
  0.000
  0.662
  0.000
  1.947
  0.000
  0.000
  0.630
  0.624
  1.853
  0.612
  1.212
  1.200
  1.188
  1.177
  0.583
  1.155
  1.716
  1.700
  1.684
  1.112
  0.551
  1.092
  0.000
  2.681
  2.125
  2.632
  1.044
  0.000
  0.000
  2.540
  2.014
  0.499
  1.979
  0.981
  0.486
  2.410
  0.478
  2.369
  0.939
  0.932
  2.771
  0.916
  0.454
  0.901
  1.340
  0.886
  0.439
  0.871
  0.432
  2.143
  0.425
  0.422
  1.255
  0.830
  1.235
  0.000
  0.810
  0.402
  0.399
  0.000
