   1   5   1   0  0.2047616E+03  0.5000000E+02
  CAR 
 unknown system                          
   0   0   0
   1   1
 256 256 256
 256
  0.1000000E-09
  0.6250000E-11
  10
  0.2000000E-14  0.9845176E-09  0.1021549E-08  0.1018224E-08
  0.6507465E+02  0.6507465E+02
  0.000
  0.000
  0.000
  0.000
  0.000
  0.000
  0.000
  0.000
  0.000
  0.000
  0.000
  0.000
  0.000
  0.000
  0.000
  0.000
  0.000
348.598
  0.000
  0.000
  0.000
  0.000
  0.000
  0.000
  0.000
  0.000
  0.000
  0.000
 98.593
 92.023
  0.000
  0.000
  0.000
  0.000
  0.000
  0.000
  0.000
  0.000
  0.000
  0.000
  0.000
  0.000
  0.000
  0.000
  0.000
  0.000
  0.000
  0.000
  0.000
  0.000
  0.000
  0.000
  0.000
  0.000
  0.000
  0.000
  0.000
  0.000
  0.000
  0.000
  0.000
  0.000
  0.000
  0.000
  0.000
  0.000
  0.000
  0.000
  0.000
  0.000
  0.000
  0.000
  0.000
  0.000
  0.000
  0.000
  0.000
  0.000
  0.000
  0.000
  0.000
  0.000
  0.000
  0.000
  0.000
  0.000
  0.000
  0.000
  0.000
  0.000
  0.000
  0.000
  0.000
  0.000
  0.000
  0.000
  0.000
  0.000
  0.000
  0.000
  0.000
  0.000
  0.000
  0.000
  0.000
  0.000
  0.000
  0.000
  0.000
  0.000
  0.000
  0.000
  0.000
  0.000
  0.000
  0.000
  0.000
  0.000
  0.000
  0.000
  0.000
  0.000
  0.000
  0.000
  0.000
  0.000
  0.000
  0.000
  0.000
  0.000
  0.000
  0.000
  0.000
  2.996
  0.000
  1.454
  0.000
  1.412
  1.392
  1.372
  1.352
  0.000
  0.000
  0.000
  0.000
  0.000
  0.000
  2.454
  2.421
  1.194
  1.179
  1.163
  3.444
  1.133
  2.237
  2.208
  1.090
  0.000
  2.125
  0.000
  0.000
  1.024
  4.044
  0.999
  4.933
  1.949
  1.926
  0.952
  0.000
  0.000
  0.000
  0.000
  0.897
  0.887
  0.877
  0.000
  0.857
  3.389
  0.838
  2.486
  1.639
  0.810
  0.000
  0.793
  0.000
  0.000
  0.000
  0.000
  0.751
  0.743
  0.000
  0.000
  0.720
  0.000
  0.000
  0.000
  0.000
  0.000
  0.678
  0.000
  0.664
  0.658
  0.651
  0.645
  0.638
  0.632
  0.626
  1.240
  1.842
  0.000
  1.205
  0.597
  2.365
  1.171
  1.741
  1.150
  1.139
  1.693
  1.118
  0.554
  2.196
  2.177
  1.618
  0.000
  2.648
  0.525
  1.041
  0.516
  1.023
  0.507
  2.010
  1.993
  0.494
  1.469
  1.456
  2.407
  1.909
  1.893
  0.939
  0.931
  1.385
  0.000
  0.454
  2.251
  1.340
  0.886
  0.439
  0.436
  0.865
  0.858
  0.000
  2.110
  0.837
  1.246
  0.824
  0.000
  0.7565268E+02  0.7565268E+02
  0.000
  0.000
  0.000
  0.000
  0.000
  0.000
  0.000
  0.000
  0.000
  0.000
  0.000
  0.000
  0.000
  0.000
  0.000
  0.000
  0.000
348.598
  0.000
  0.000
  0.000
  0.000
  0.000
  0.000
  0.000
  0.000
  0.000
  0.000
197.186
  0.000
  0.000
  0.000
  0.000
  0.000
  0.000
  0.000
  0.000
  0.000
  0.000
  0.000
  0.000
  0.000
  0.000
  0.000
  0.000
  0.000
  0.000
  0.000
  0.000
  0.000
  0.000
  0.000
  0.000
  0.000
  0.000
  0.000
  0.000
  0.000
  0.000
  0.000
  0.000
  0.000
  0.000
  0.000
  0.000
  0.000
  0.000
  0.000
  0.000
  0.000
  0.000
  0.000
  0.000
  0.000
  0.000
  0.000
  0.000
  0.000
  0.000
  0.000
  0.000
  0.000
  0.000
  0.000
  0.000
  0.000
  0.000
  0.000
  0.000
  0.000
  0.000
  0.000
  0.000
  0.000
  0.000
  0.000
  0.000
  0.000
  0.000
  0.000
  0.000
  0.000
  0.000
  0.000
  0.000
  0.000
  0.000
  0.000
  0.000
  0.000
  0.000
  0.000
  0.000
  0.000
  0.000
  0.000
  0.000
  0.000
  0.000
  0.000
  0.000
  0.000
  0.000
  0.000
  0.000
  0.000
  0.000
  0.000
  0.000
  0.000
  0.000
  0.000
  0.000
  1.498
  1.476
  1.454
  0.000
  0.000
  1.392
  1.372
  2.705
  0.000
  0.000
  0.000
  0.000
  0.000
  0.000
  0.000
  4.842
  1.194
  1.179
  0.000
  4.592
  1.133
  1.118
  4.416
  0.000
  1.076
  1.063
  0.000
  0.000
  1.024
  5.055
  0.000
  3.946
  2.924
  1.926
  0.952
  0.000
  0.000
  0.000
  0.000
  0.897
  0.887
  0.877
  0.867
  0.857
  3.389
  0.838
  1.657
  1.639
  0.810
  0.802
  0.000
  0.000
  0.000
  0.000
  0.759
  0.751
  0.000
  0.000
  0.728
  0.000
  0.000
  0.000
  0.000
  0.000
  0.000
  0.000
  0.671
  0.664
  0.000
  1.302
  0.645
  0.000
  1.264
  0.000
  1.240
  2.456
  0.000
  0.602
  0.597
  2.956
  0.586
  1.741
  1.150
  1.709
  1.129
  1.118
  1.662
  1.098
  2.721
  1.618
  0.000
  1.589
  2.100
  0.520
  0.516
  1.023
  0.507
  2.010
  1.993
  0.988
  0.979
  1.456
  2.888
  2.387
  0.947
  1.408
  1.396
  0.462
  0.458
  0.454
  2.251
  1.340
  0.443
  0.439
  0.872
  0.865
  0.429
  0.851
  1.266
  1.256
  0.831
  0.412
  0.818
  0.1685862E+03  0.1685862E+03
  0.000
  0.000
  0.000
  0.000
  0.000
  0.000
  0.000
  0.000
  0.000
  0.000
  0.000
  0.000
  0.000
  0.000
  0.000
  0.000
  0.000
348.598
  0.000
  0.000
  0.000
  0.000
  0.000
  0.000
  0.000
  0.000
  0.000
 35.298
131.457
 30.674
  0.000
  0.000
  0.000
  0.000
  0.000
  0.000
  0.000
  0.000
  0.000
  0.000
  0.000
  0.000
  0.000
  0.000
  0.000
  0.000
  0.000
  0.000
  0.000
  0.000
  0.000
  0.000
  0.000
  0.000
  0.000
  0.000
  0.000
  0.000
  0.000
  0.000
  0.000
  0.000
  0.000
  0.000
  0.000
  0.000
  0.000
  0.000
  0.000
  0.000
  0.000
  0.000
  0.000
  0.000
  0.000
  0.000
  0.000
  0.000
  0.000
  0.000
  0.000
  0.000
  0.000
  0.000
  0.000
  0.000
  0.000
  0.000
  0.000
  0.000
  0.000
  0.000
  0.000
  0.000
  0.000
  0.000
  0.000
  0.000
  0.000
  0.000
  0.000
  0.000
  0.000
  0.000
  0.000
  0.000
  0.000
  0.000
  0.000
  0.000
  0.000
  0.000
  0.000
  0.000
  0.000
  0.000
  0.000
  0.000
  0.000
  0.000
  0.000
  0.000
  0.000
  0.000
  0.000
  0.000
  0.000
  0.000
  0.000
  0.000
  0.000
  0.000
  0.000
  1.498
  1.476
  1.454
  0.000
  0.000
  1.392
  1.372
  2.705
  0.000
  0.000
  0.000
  0.000
  0.000
  0.000
  1.227
  3.632
  0.000
  2.357
  0.000
  2.296
  3.399
  2.237
  3.312
  0.000
  2.152
  0.000
  0.000
  0.000
  2.047
  4.044
  0.000
  2.960
  3.899
  2.889
  0.000
  0.000
  0.000
  0.000
  0.000
  0.897
  0.887
  0.877
  0.000
  3.428
  1.695
  2.514
  0.000
  0.819
  1.621
  0.000
  0.793
  0.000
  0.000
  0.000
  0.759
  0.751
  0.000
  0.000
  0.728
  0.000
  0.000
  0.000
  0.000
  0.000
  0.000
  0.000
  0.671
  0.000
  0.658
  0.651
  0.645
  1.277
  0.632
  0.000
  1.860
  1.842
  0.000
  0.602
  1.194
  2.365
  0.586
  2.321
  0.575
  1.709
  1.129
  1.118
  1.662
  1.647
  1.632
  1.079
  1.069
  1.589
  2.100
  0.520
  1.032
  0.511
  0.000
  3.015
  1.494
  0.988
  0.000
  2.913
  3.370
  1.432
  1.420
  0.939
  1.396
  0.462
  0.915
  0.000
  2.251
  1.786
  0.000
  0.879
  0.436
  0.432
  0.858
  0.851
  0.844
  2.094
  0.415
  0.824
  0.409
  0.1748123E+03  0.1748123E+03
  0.000
  0.000
  0.000
  0.000
  0.000
  0.000
  0.000
  0.000
  0.000
  0.000
  0.000
  0.000
  0.000
  0.000
  0.000
  0.000
  0.000
261.448
 77.985
  0.000
  0.000
  0.000
  0.000
  0.000
  0.000
  0.000
  0.000
 35.298
 65.729
 61.348
 28.696
  0.000
  0.000
  0.000
  0.000
  0.000
  0.000
  0.000
  0.000
  0.000
  0.000
  0.000
  0.000
  0.000
  0.000
  0.000
  0.000
  0.000
  0.000
  0.000
  0.000
  0.000
  0.000
  0.000
  0.000
  0.000
  0.000
  0.000
  0.000
  0.000
  0.000
  0.000
  0.000
  0.000
  0.000
  0.000
  0.000
  0.000
  0.000
  0.000
  0.000
  0.000
  0.000
  0.000
  0.000
  0.000
  0.000
  0.000
  0.000
  0.000
  0.000
  0.000
  0.000
  0.000
  0.000
  0.000
  0.000
  0.000
  0.000
  0.000
  0.000
  0.000
  0.000
  0.000
  0.000
  0.000
  0.000
  0.000
  0.000
  0.000
  0.000
  0.000
  0.000
  0.000
  0.000
  0.000
  0.000
  0.000
  0.000
  0.000
  0.000
  0.000
  0.000
  0.000
  0.000
  0.000
  0.000
  0.000
  0.000
  0.000
  0.000
  0.000
  0.000
  0.000
  0.000
  0.000
  0.000
  0.000
  0.000
  0.000
  0.000
  1.544
  0.000
  0.000
  1.476
  1.454
  0.000
  0.000
  2.783
  0.000
  2.705
  0.000
  0.000
  0.000
  0.000
  0.000
  0.000
  3.681
  1.211
  1.194
  0.000
  1.163
  2.296
  3.399
  3.355
  2.208
  1.090
  1.076
  0.000
  0.000
  0.000
  2.047
  3.033
  0.999
  1.973
  3.899
  0.963
  2.855
  0.000
  0.000
  0.000
  0.000
  0.000
  0.887
  1.753
  2.600
  0.000
  1.695
  1.676
  1.657
  0.000
  2.431
  0.000
  0.000
  0.784
  0.000
  0.000
  0.000
  0.751
  0.743
  0.000
  0.728
  0.000
  0.000
  0.000
  0.000
  0.000
  0.000
  0.678
  0.000
  0.664
  0.658
  0.000
  1.289
  0.638
  0.632
  1.252
  1.860
  0.614
  0.000
  0.602
  1.790
  2.365
  1.171
  0.580
  2.299
  0.570
  1.129
  2.237
  1.108
  1.098
  1.632
  1.079
  1.069
  2.119
  1.050
  1.041
  0.516
  1.023
  0.000
  2.512
  2.491
  0.988
  0.000
  1.942
  2.888
  1.909
  0.947
  2.347
  0.931
  0.000
  1.373
  0.454
  0.450
  2.679
  0.000
  0.879
  0.436
  0.432
  0.429
  1.702
  0.844
  1.675
  0.000
  1.649
  0.818
  0.1820369E+03  0.1820369E+03
  0.000
  0.000
  0.000
  0.000
  0.000
  0.000
  0.000
  0.000
  0.000
  0.000
  0.000
  0.000
  0.000
  0.000
  0.000
  0.000
  0.000
261.448
 77.985
  0.000
  0.000
  0.000
  0.000
  0.000
  0.000
  0.000
  0.000
  0.000
 65.729
122.697
  0.000
  0.000
  0.000
  0.000
  0.000
  0.000
  0.000
  0.000
  0.000
  0.000
  0.000
  0.000
  0.000
  0.000
  0.000
  0.000
  0.000
  0.000
  0.000
  0.000
  0.000
  0.000
  0.000
  0.000
  0.000
  0.000
  0.000
  0.000
  0.000
  0.000
  0.000
  0.000
  0.000
  0.000
  0.000
  0.000
  0.000
  0.000
  0.000
  0.000
  0.000
  0.000
  0.000
  0.000
  0.000
  0.000
  0.000
  0.000
  0.000
  0.000
  0.000
  0.000
  0.000
  0.000
  0.000
  0.000
  0.000
  0.000
  0.000
  0.000
  0.000
  0.000
  0.000
  0.000
  0.000
  0.000
  0.000
  0.000
  0.000
  0.000
  0.000
  0.000
  0.000
  0.000
  0.000
  0.000
  0.000
  0.000
  0.000
  0.000
  0.000
  0.000
  0.000
  0.000
  0.000
  0.000
  0.000
  0.000
  0.000
  0.000
  0.000
  0.000
  0.000
  0.000
  0.000
  0.000
  0.000
  0.000
  0.000
  0.000
  0.000
  1.544
  0.000
  0.000
  1.476
  1.454
  0.000
  1.412
  0.000
  1.372
  2.705
  0.000
  0.000
  0.000
  0.000
  0.000
  0.000
  3.681
  2.421
  0.000
  1.179
  1.163
  2.296
  2.266
  2.237
  3.312
  2.180
  0.000
  0.000
  0.000
  0.000
  3.071
  1.011
  2.996
  0.987
  3.899
  0.963
  1.903
  0.940
  0.000
  0.000
  0.000
  0.000
  0.887
  0.877
  3.467
  0.857
  0.847
  2.514
  0.000
  0.819
  1.621
  0.802
  0.000
  0.784
  0.000
  0.000
  0.000
  0.751
  0.000
  0.736
  0.728
  0.000
  0.000
  0.000
  0.000
  0.000
  0.000
  0.678
  0.000
  1.328
  0.000
  0.651
  0.000
  1.277
  0.632
  1.252
  1.860
  0.614
  0.000
  0.602
  2.387
  2.956
  0.000
  0.580
  1.725
  1.139
  0.564
  1.678
  2.216
  0.549
  1.632
  0.539
  2.138
  2.648
  0.000
  1.561
  0.000
  1.534
  1.014
  1.005
  2.491
  1.482
  0.000
  2.913
  1.925
  0.955
  1.420
  2.816
  0.931
  0.462
  0.915
  0.454
  0.450
  1.340
  1.329
  0.439
  0.872
  0.000
  0.858
  1.276
  1.688
  0.837
  0.831
  0.824
  1.227
  0.1746429E+03  0.1746429E+03
  0.000
  0.000
  0.000
  0.000
  0.000
  0.000
  0.000
  0.000
  0.000
  0.000
  0.000
  0.000
  0.000
  0.000
  0.000
  0.000
  0.000
261.448
 77.985
  0.000
  0.000
  0.000
  0.000
  0.000
  0.000
  0.000
  0.000
 35.298
131.457
 30.674
  0.000
  0.000
  0.000
  0.000
  0.000
  0.000
  0.000
  0.000
  0.000
  0.000
  0.000
  0.000
  0.000
  0.000
  0.000
  0.000
  0.000
  0.000
  0.000
  0.000
  0.000
  0.000
  0.000
  0.000
  0.000
  0.000
  0.000
  0.000
  0.000
  0.000
  0.000
  0.000
  0.000
  0.000
  0.000
  0.000
  0.000
  0.000
  0.000
  0.000
  0.000
  0.000
  0.000
  0.000
  0.000
  0.000
  0.000
  0.000
  0.000
  0.000
  0.000
  0.000
  0.000
  0.000
  0.000
  0.000
  0.000
  0.000
  0.000
  0.000
  0.000
  0.000
  0.000
  0.000
  0.000
  0.000
  0.000
  0.000
  0.000
  0.000
  0.000
  0.000
  0.000
  0.000
  0.000
  0.000
  0.000
  0.000
  0.000
  0.000
  0.000
  0.000
  0.000
  0.000
  0.000
  0.000
  0.000
  0.000
  0.000
  0.000
  0.000
  0.000
  0.000
  0.000
  0.000
  0.000
  0.000
  0.000
  0.000
  0.000
  0.000
  1.544
  0.000
  0.000
  0.000
  1.454
  1.433
  1.412
  0.000
  0.000
  2.705
  0.000
  1.315
  0.000
  0.000
  0.000
  0.000
  2.454
  2.421
  2.389
  0.000
  2.326
  2.296
  1.133
  1.118
  2.208
  4.360
  0.000
  0.000
  0.000
  2.073
  2.047
  1.011
  1.997
  0.987
  3.899
  0.000
  1.903
  0.940
  0.929
  0.000
  0.000
  0.897
  0.000
  0.877
  3.467
  0.857
  2.542
  0.838
  0.000
  0.819
  2.431
  0.000
  0.000
  0.784
  0.000
  0.768
  0.000
  0.000
  0.000
  1.471
  0.000
  0.000
  0.000
  0.000
  0.000
  0.000
  0.000
  0.000
  1.342
  0.000
  0.658
  0.651
  0.000
  0.000
  1.264
  1.878
  1.860
  0.000
  0.608
  0.602
  2.387
  2.365
  0.586
  0.580
  0.575
  1.139
  1.693
  1.678
  1.662
  1.647
  1.088
  1.079
  2.138
  1.589
  0.525
  1.041
  0.516
  1.023
  1.521
  2.512
  0.498
  0.988
  2.938
  2.427
  0.481
  1.432
  1.420
  2.816
  0.931
  0.000
  1.373
  0.000
  0.450
  1.786
  0.443
  0.879
  0.436
  0.432
  1.715
  1.276
  1.688
  0.000
  1.246
  0.412
  0.409
  0.1701041E+03  0.1701041E+03
  0.000
  0.000
  0.000
  0.000
  0.000
  0.000
  0.000
  0.000
  0.000
  0.000
  0.000
  0.000
  0.000
  0.000
  0.000
  0.000
 98.030
261.448
  0.000
  0.000
  0.000
  0.000
  0.000
  0.000
  0.000
  0.000
  0.000
 70.595
131.457
  0.000
  0.000
  0.000
  0.000
  0.000
  0.000
  0.000
  0.000
  0.000
  0.000
  0.000
  0.000
  0.000
  0.000
  0.000
  0.000
  0.000
  0.000
  0.000
  0.000
  0.000
  0.000
  0.000
  0.000
  0.000
  0.000
  0.000
  0.000
  0.000
  0.000
  0.000
  0.000
  0.000
  0.000
  0.000
  0.000
  0.000
  0.000
  0.000
  0.000
  0.000
  0.000
  0.000
  0.000
  0.000
  0.000
  0.000
  0.000
  0.000
  0.000
  0.000
  0.000
  0.000
  0.000
  0.000
  0.000
  0.000
  0.000
  0.000
  0.000
  0.000
  0.000
  0.000
  0.000
  0.000
  0.000
  0.000
  0.000
  0.000
  0.000
  0.000
  0.000
  0.000
  0.000
  0.000
  0.000
  0.000
  0.000
  0.000
  0.000
  0.000
  0.000
  0.000
  0.000
  0.000
  0.000
  0.000
  0.000
  0.000
  0.000
  0.000
  0.000
  0.000
  0.000
  0.000
  0.000
  0.000
  0.000
  0.000
  0.000
  0.000
  0.000
  1.544
  0.000
  0.000
  0.000
  0.000
  1.433
  2.824
  0.000
  0.000
  1.352
  1.333
  1.315
  0.000
  0.000
  0.000
  0.000
  3.681
  2.421
  1.194
  0.000
  1.163
  2.296
  2.266
  0.000
  3.312
  4.360
  0.000
  0.000
  0.000
  3.109
  1.024
  2.022
  0.999
  0.987
  3.899
  0.000
  1.903
  0.940
  0.000
  0.918
  0.908
  0.000
  0.887
  2.630
  0.867
  0.857
  2.542
  0.838
  0.000
  0.819
  2.431
  0.000
  0.793
  0.000
  0.776
  0.000
  0.000
  0.000
  0.743
  0.736
  0.000
  0.000
  0.000
  0.000
  0.000
  0.000
  0.000
  0.000
  1.342
  0.000
  0.000
  0.651
  0.645
  0.000
  0.632
  1.878
  2.480
  0.614
  0.000
  0.602
  1.790
  2.956
  0.586
  0.580
  0.000
  1.709
  1.129
  1.678
  2.216
  1.647
  0.544
  2.157
  1.069
  1.589
  0.000
  1.561
  2.063
  0.511
  1.014
  2.010
  1.494
  0.988
  2.938
  1.942
  0.481
  1.432
  1.420
  2.347
  1.396
  0.923
  0.458
  0.000
  0.901
  1.340
  0.443
  1.318
  0.000
  2.162
  0.429
  1.276
  0.844
  0.837
  1.246
  0.412
  0.000
  0.1541430E+03  0.1541430E+03
  0.000
  0.000
  0.000
  0.000
  0.000
  0.000
  0.000
  0.000
  0.000
  0.000
  0.000
  0.000
  0.000
  0.000
  0.000
  0.000
  0.000
348.598
  0.000
  0.000
  0.000
  0.000
  0.000
  0.000
  0.000
  0.000
  0.000
 35.298
 32.864
122.697
  0.000
  0.000
  0.000
  0.000
  0.000
  0.000
  0.000
  0.000
  0.000
  0.000
  0.000
  0.000
  0.000
  0.000
  0.000
  0.000
  0.000
  0.000
  0.000
  0.000
  0.000
  0.000
  0.000
  0.000
  0.000
  0.000
  0.000
  0.000
  0.000
  0.000
  0.000
  0.000
  0.000
  0.000
  0.000
  0.000
  0.000
  0.000
  0.000
  0.000
  0.000
  0.000
  0.000
  0.000
  0.000
  0.000
  0.000
  0.000
  0.000
  0.000
  0.000
  0.000
  0.000
  0.000
  0.000
  0.000
  0.000
  0.000
  0.000
  0.000
  0.000
  0.000
  0.000
  0.000
  0.000
  0.000
  0.000
  0.000
  0.000
  0.000
  0.000
  0.000
  0.000
  0.000
  0.000
  0.000
  0.000
  0.000
  0.000
  0.000
  0.000
  0.000
  0.000
  0.000
  0.000
  0.000
  0.000
  0.000
  0.000
  0.000
  0.000
  0.000
  0.000
  0.000
  0.000
  0.000
  0.000
  0.000
  0.000
  0.000
  1.568
  0.000
  0.000
  0.000
  0.000
  0.000
  4.298
  0.000
  0.000
  1.372
  1.352
  0.000
  0.000
  1.296
  0.000
  0.000
  3.732
  1.227
  1.211
  1.194
  0.000
  1.163
  2.296
  1.133
  2.237
  2.208
  2.180
  2.152
  0.000
  1.049
  1.036
  2.047
  2.022
  0.999
  0.000
  4.873
  0.000
  0.952
  1.881
  0.000
  0.000
  1.815
  0.000
  0.887
  2.630
  0.867
  0.857
  0.847
  1.676
  0.829
  0.819
  0.000
  2.405
  0.000
  0.000
  0.776
  0.768
  0.000
  0.000
  0.743
  0.736
  0.000
  0.000
  0.000
  0.000
  0.000
  0.000
  0.000
  0.678
  0.671
  0.000
  0.658
  0.000
  0.645
  1.277
  0.632
  1.252
  1.240
  1.228
  0.608
  0.602
  2.984
  1.774
  0.000
  0.580
  0.000
  1.709
  1.129
  2.237
  1.662
  1.647
  1.632
  1.618
  1.069
  1.059
  0.525
  1.041
  1.547
  1.534
  1.014
  1.005
  2.491
  0.988
  1.469
  1.942
  1.444
  0.955
  1.420
  2.347
  1.862
  0.462
  0.458
  0.454
  0.901
  0.893
  0.886
  0.439
  0.872
  0.865
  1.715
  0.425
  1.266
  1.256
  0.415
  1.237
  0.818
  0.1012216E+03  0.1012216E+03
  0.000
  0.000
  0.000
  0.000
  0.000
  0.000
  0.000
  0.000
  0.000
  0.000
  0.000
  0.000
  0.000
  0.000
  0.000
  0.000
  0.000
261.448
 77.985
  0.000
  0.000
  0.000
  0.000
  0.000
  0.000
  0.000
  0.000
  0.000
 65.729
122.697
  0.000
  0.000
  0.000
  0.000
  0.000
  0.000
  0.000
  0.000
  0.000
  0.000
  0.000
  0.000
  0.000
  0.000
  0.000
  0.000
  0.000
  0.000
  0.000
  0.000
  0.000
  0.000
  0.000
  0.000
  0.000
  0.000
  0.000
  0.000
  0.000
  0.000
  0.000
  0.000
  0.000
  0.000
  0.000
  0.000
  0.000
  0.000
  0.000
  0.000
  0.000
  0.000
  0.000
  0.000
  0.000
  0.000
  0.000
  0.000
  0.000
  0.000
  0.000
  0.000
  0.000
  0.000
  0.000
  0.000
  0.000
  0.000
  0.000
  0.000
  0.000
  0.000
  0.000
  0.000
  0.000
  0.000
  0.000
  0.000
  0.000
  0.000
  0.000
  0.000
  0.000
  0.000
  0.000
  0.000
  0.000
  0.000
  0.000
  0.000
  0.000
  0.000
  0.000
  0.000
  0.000
  0.000
  0.000
  0.000
  0.000
  0.000
  0.000
  0.000
  0.000
  0.000
  0.000
  0.000
  0.000
  0.000
  0.000
  0.000
  1.568
  0.000
  0.000
  0.000
  0.000
  1.454
  1.433
  1.412
  0.000
  1.372
  1.352
  0.000
  0.000
  1.296
  0.000
  2.522
  1.244
  2.454
  0.000
  1.194
  1.179
  0.000
  2.296
  1.133
  2.237
  1.104
  3.270
  1.076
  1.063
  2.099
  0.000
  3.071
  1.011
  0.999
  0.000
  3.899
  0.963
  0.952
  1.881
  0.000
  0.918
  0.000
  0.897
  0.000
  3.507
  0.867
  0.857
  0.847
  1.676
  0.829
  0.819
  0.000
  1.603
  0.793
  0.000
  1.552
  0.000
  0.000
  0.000
  0.000
  0.736
  0.728
  0.000
  0.000
  0.000
  0.000
  0.000
  0.684
  0.000
  0.671
  0.000
  0.658
  0.000
  0.645
  1.277
  1.264
  0.626
  1.860
  0.614
  0.608
  1.205
  2.387
  1.774
  0.000
  0.580
  0.000
  1.709
  0.564
  2.796
  1.662
  1.647
  2.177
  1.079
  1.069
  0.530
  1.575
  0.520
  1.547
  1.534
  0.507
  2.010
  1.993
  1.482
  0.490
  1.942
  0.963
  1.432
  2.366
  1.877
  1.396
  0.923
  0.915
  0.000
  0.450
  0.893
  1.329
  0.000
  0.872
  1.729
  1.287
  0.425
  1.266
  0.837
  0.831
  0.824
  1.227
  0.8274998E+02  0.8274998E+02
  0.000
  0.000
  0.000
  0.000
  0.000
  0.000
  0.000
  0.000
  0.000
  0.000
  0.000
  0.000
  0.000
  0.000
  0.000
  0.000
  0.000
348.598
  0.000
  0.000
  0.000
  0.000
  0.000
  0.000
  0.000
  0.000
  0.000
 35.298
131.457
 30.674
  0.000
  0.000
  0.000
  0.000
  0.000
  0.000
  0.000
  0.000
  0.000
  0.000
  0.000
  0.000
  0.000
  0.000
  0.000
  0.000
  0.000
  0.000
  0.000
  0.000
  0.000
  0.000
  0.000
  0.000
  0.000
  0.000
  0.000
  0.000
  0.000
  0.000
  0.000
  0.000
  0.000
  0.000
  0.000
  0.000
  0.000
  0.000
  0.000
  0.000
  0.000
  0.000
  0.000
  0.000
  0.000
  0.000
  0.000
  0.000
  0.000
  0.000
  0.000
  0.000
  0.000
  0.000
  0.000
  0.000
  0.000
  0.000
  0.000
  0.000
  0.000
  0.000
  0.000
  0.000
  0.000
  0.000
  0.000
  0.000
  0.000
  0.000
  0.000
  0.000
  0.000
  0.000
  0.000
  0.000
  0.000
  0.000
  0.000
  0.000
  0.000
  0.000
  0.000
  0.000
  0.000
  0.000
  0.000
  0.000
  0.000
  0.000
  0.000
  0.000
  0.000
  0.000
  0.000
  0.000
  0.000
  0.000
  0.000
  0.000
  1.568
  0.000
  0.000
  0.000
  0.000
  1.454
  1.433
  0.000
  1.392
  1.372
  1.352
  0.000
  0.000
  0.000
  0.000
  3.783
  1.244
  2.454
  0.000
  0.000
  2.357
  1.163
  1.148
  1.133
  1.118
  2.208
  3.270
  0.000
  3.188
  1.049
  0.000
  4.094
  1.011
  0.000
  0.000
  3.899
  0.963
  0.952
  1.881
  0.000
  0.918
  0.000
  0.000
  1.774
  3.507
  0.867
  0.000
  1.695
  0.838
  1.657
  0.000
  0.000
  2.405
  0.000
  0.784
  0.776
  0.000
  0.000
  0.000
  0.000
  1.471
  0.000
  0.000
  0.000
  0.000
  0.000
  0.000
  0.000
  0.678
  0.671
  0.000
  0.658
  0.000
  0.645
  1.277
  0.632
  0.626
  1.240
  1.842
  0.608
  1.807
  1.194
  1.182
  1.171
  0.580
  1.150
  0.000
  1.129
  2.237
  2.216
  1.647
  2.177
  1.618
  0.000
  2.119
  0.525
  0.000
  1.547
  1.534
  1.521
  2.010
  2.491
  0.000
  0.979
  1.942
  0.963
  1.432
  2.840
  1.408
  1.396
  0.923
  0.915
  0.454
  0.000
  1.340
  0.443
  0.439
  0.872
  2.594
  0.858
  0.000
  1.266
  0.837
  0.831
  1.237
  0.000
