   1   5   1   0  0.1972522E+03  0.5000000E+02
  CAR 
 unknown system                          
   0   0   0
   1   1
 256 256 256
 256
  0.1000000E-09
  0.6250000E-11
  10
  0.2000000E-14  0.9779327E-09  0.9893088E-09  0.1019624E-08
  0.6822696E+02  0.6822696E+02
  0.000
  0.000
  0.000
  0.000
  0.000
  0.000
  0.000
  0.000
  0.000
  0.000
  0.000
  0.000
  0.000
  0.000
  0.000
  0.000
  0.000
335.813
  0.000
  0.000
  0.000
  0.000
  0.000
  0.000
  0.000
  0.000
  0.000
  0.000
158.295
 29.549
  0.000
  0.000
  0.000
  0.000
  0.000
  0.000
  0.000
  0.000
  0.000
  0.000
  0.000
  0.000
  0.000
  0.000
  0.000
  0.000
  0.000
  0.000
  0.000
  0.000
  0.000
  0.000
  0.000
  0.000
  0.000
  0.000
  0.000
  0.000
  0.000
  0.000
  0.000
  0.000
  0.000
  0.000
  0.000
  0.000
  0.000
  0.000
  0.000
  0.000
  0.000
  0.000
  0.000
  0.000
  0.000
  0.000
  0.000
  0.000
  0.000
  0.000
  0.000
  0.000
  0.000
  0.000
  0.000
  0.000
  0.000
  0.000
  0.000
  0.000
  0.000
  0.000
  0.000
  0.000
  0.000
  0.000
  0.000
  0.000
  0.000
  0.000
  0.000
  0.000
  0.000
  0.000
  0.000
  0.000
  0.000
  0.000
  0.000
  0.000
  0.000
  0.000
  0.000
  0.000
  0.000
  0.000
  0.000
  0.000
  0.000
  0.000
  0.000
  0.000
  0.000
  0.000
  0.000
  0.000
  0.000
  0.000
  0.000
  0.000
  0.000
  0.000
  1.465
  0.000
  2.843
  2.801
  1.380
  0.000
  0.000
  1.322
  0.000
  0.000
  0.000
  1.249
  0.000
  0.000
  0.000
  2.364
  3.499
  3.452
  2.271
  1.120
  1.106
  2.183
  0.000
  1.064
  2.100
  0.000
  1.024
  1.011
  0.998
  2.958
  3.896
  0.962
  2.851
  0.939
  0.928
  0.917
  0.906
  0.000
  0.885
  0.874
  0.000
  2.563
  0.000
  0.000
  0.000
  2.449
  1.614
  0.798
  0.789
  1.561
  0.772
  0.764
  0.000
  0.000
  0.000
  0.000
  0.000
  0.000
  0.000
  0.000
  0.694
  0.000
  0.680
  0.000
  0.000
  0.000
  0.000
  1.292
  1.279
  1.267
  0.000
  1.863
  0.615
  0.609
  0.000
  0.000
  1.183
  1.758
  2.902
  1.150
  1.139
  1.128
  1.118
  2.215
  0.549
  1.087
  2.155
  2.135
  0.529
  0.524
  2.597
  2.059
  0.510
  1.517
  1.504
  0.497
  0.000
  0.977
  1.452
  1.440
  3.330
  0.943
  1.403
  0.927
  0.920
  0.456
  2.261
  0.897
  1.779
  1.323
  0.875
  0.434
  0.000
  0.853
  0.423
  0.840
  1.666
  1.239
  0.410
  0.407
  0.807
  0.400
  1.191
  0.000
  0.1036375E+03  0.1036375E+03
  0.000
  0.000
  0.000
  0.000
  0.000
  0.000
  0.000
  0.000
  0.000
  0.000
  0.000
  0.000
  0.000
  0.000
  0.000
  0.000
 94.435
251.860
  0.000
  0.000
  0.000
  0.000
  0.000
  0.000
  0.000
  0.000
  0.000
 34.003
126.636
 29.549
  0.000
  0.000
  0.000
  0.000
  0.000
  0.000
  0.000
  0.000
  0.000
  0.000
  0.000
  0.000
  0.000
  0.000
  0.000
  0.000
  0.000
  0.000
  0.000
  0.000
  0.000
  0.000
  0.000
  0.000
  0.000
  0.000
  0.000
  0.000
  0.000
  0.000
  0.000
  0.000
  0.000
  0.000
  0.000
  0.000
  0.000
  0.000
  0.000
  0.000
  0.000
  0.000
  0.000
  0.000
  0.000
  0.000
  0.000
  0.000
  0.000
  0.000
  0.000
  0.000
  0.000
  0.000
  0.000
  0.000
  0.000
  0.000
  0.000
  0.000
  0.000
  0.000
  0.000
  0.000
  0.000
  0.000
  0.000
  0.000
  0.000
  0.000
  0.000
  0.000
  0.000
  0.000
  0.000
  0.000
  0.000
  0.000
  0.000
  0.000
  0.000
  0.000
  0.000
  0.000
  0.000
  0.000
  0.000
  0.000
  0.000
  0.000
  0.000
  0.000
  0.000
  0.000
  0.000
  0.000
  0.000
  0.000
  0.000
  0.000
  0.000
  0.000
  1.465
  1.443
  2.843
  1.401
  0.000
  1.360
  0.000
  1.322
  0.000
  0.000
  1.266
  0.000
  0.000
  0.000
  1.198
  0.000
  3.499
  3.452
  3.406
  1.120
  1.106
  2.183
  1.077
  0.000
  1.050
  2.073
  0.000
  1.011
  0.000
  3.944
  1.948
  2.886
  1.901
  1.878
  0.928
  0.917
  0.906
  0.000
  0.885
  0.000
  0.864
  1.709
  0.845
  0.000
  0.000
  1.633
  2.421
  0.798
  1.579
  0.781
  0.000
  0.764
  0.756
  0.000
  0.000
  0.000
  0.000
  0.000
  0.000
  0.701
  0.000
  0.000
  0.680
  0.000
  0.000
  0.000
  0.653
  0.646
  0.640
  1.267
  1.881
  0.621
  1.230
  0.000
  0.000
  0.000
  0.592
  2.344
  2.322
  1.725
  1.709
  0.000
  1.118
  2.215
  1.097
  1.087
  2.155
  1.601
  0.000
  2.097
  3.117
  1.545
  0.000
  1.517
  1.003
  0.994
  0.493
  0.488
  1.452
  2.399
  1.903
  1.887
  0.935
  0.927
  0.460
  1.368
  1.808
  0.897
  1.779
  0.441
  1.749
  0.434
  0.000
  0.853
  0.423
  1.260
  1.249
  1.239
  0.410
  0.407
  0.807
  1.201
  0.397
  0.000
  0.9772272E+02  0.9772272E+02
  0.000
  0.000
  0.000
  0.000
  0.000
  0.000
  0.000
  0.000
  0.000
  0.000
  0.000
  0.000
  0.000
  0.000
  0.000
  0.000
  0.000
167.907
150.249
  0.000
  0.000
  0.000
  0.000
  0.000
  0.000
  0.000
  0.000
 34.003
 31.659
118.197
  0.000
  0.000
  0.000
  0.000
  0.000
  0.000
  0.000
  0.000
  0.000
  0.000
  0.000
  0.000
  0.000
  0.000
  0.000
  0.000
  0.000
  0.000
  0.000
  0.000
  0.000
  0.000
  0.000
  0.000
  0.000
  0.000
  0.000
  0.000
  0.000
  0.000
  0.000
  0.000
  0.000
  0.000
  0.000
  0.000
  0.000
  0.000
  0.000
  0.000
  0.000
  0.000
  0.000
  0.000
  0.000
  0.000
  0.000
  0.000
  0.000
  0.000
  0.000
  0.000
  0.000
  0.000
  0.000
  0.000
  0.000
  0.000
  0.000
  0.000
  0.000
  0.000
  0.000
  0.000
  0.000
  0.000
  0.000
  0.000
  0.000
  0.000
  0.000
  0.000
  0.000
  0.000
  0.000
  0.000
  0.000
  0.000
  0.000
  0.000
  0.000
  0.000
  0.000
  0.000
  0.000
  0.000
  0.000
  0.000
  0.000
  0.000
  0.000
  0.000
  0.000
  0.000
  0.000
  0.000
  0.000
  0.000
  0.000
  0.000
  0.000
  1.487
  1.465
  0.000
  4.265
  0.000
  0.000
  1.360
  0.000
  1.322
  0.000
  0.000
  1.266
  0.000
  0.000
  0.000
  1.198
  0.000
  3.499
  3.452
  3.406
  1.120
  1.106
  1.091
  2.155
  1.064
  0.000
  2.073
  0.000
  1.011
  0.998
  1.972
  2.922
  1.924
  2.851
  1.878
  0.928
  0.917
  0.906
  0.000
  0.000
  0.874
  0.864
  0.854
  1.689
  0.000
  0.000
  2.449
  1.614
  0.000
  2.368
  0.000
  0.772
  0.764
  0.756
  0.000
  0.000
  0.000
  0.000
  0.000
  0.000
  0.701
  0.000
  0.687
  0.000
  0.000
  0.000
  0.000
  0.653
  1.292
  0.000
  1.267
  2.509
  0.000
  0.615
  0.609
  0.000
  0.597
  0.000
  1.758
  3.482
  1.725
  1.139
  0.564
  1.677
  1.108
  1.646
  0.544
  2.693
  1.068
  0.000
  2.621
  2.597
  0.515
  1.021
  1.012
  1.504
  0.497
  0.985
  0.977
  0.484
  2.879
  1.427
  1.887
  0.935
  0.464
  1.379
  1.368
  0.452
  2.242
  1.779
  0.441
  1.312
  0.434
  0.430
  0.427
  1.693
  0.420
  0.833
  1.653
  0.410
  0.407
  0.807
  1.201
  0.397
  0.394
  0.9934198E+02  0.9934198E+02
  0.000
  0.000
  0.000
  0.000
  0.000
  0.000
  0.000
  0.000
  0.000
  0.000
  0.000
  0.000
  0.000
  0.000
  0.000
  0.000
  0.000
251.860
 75.125
  0.000
  0.000
  0.000
  0.000
  0.000
  0.000
  0.000
  0.000
  0.000
 63.318
 88.648
 27.644
  0.000
  0.000
  0.000
  0.000
  0.000
  0.000
  0.000
  0.000
  0.000
  0.000
  0.000
  0.000
  0.000
  0.000
  0.000
  0.000
  0.000
  0.000
  0.000
  0.000
  0.000
  0.000
  0.000
  0.000
  0.000
  0.000
  0.000
  0.000
  0.000
  0.000
  0.000
  0.000
  0.000
  0.000
  0.000
  0.000
  0.000
  0.000
  0.000
  0.000
  0.000
  0.000
  0.000
  0.000
  0.000
  0.000
  0.000
  0.000
  0.000
  0.000
  0.000
  0.000
  0.000
  0.000
  0.000
  0.000
  0.000
  0.000
  0.000
  0.000
  0.000
  0.000
  0.000
  0.000
  0.000
  0.000
  0.000
  0.000
  0.000
  0.000
  0.000
  0.000
  0.000
  0.000
  0.000
  0.000
  0.000
  0.000
  0.000
  0.000
  0.000
  0.000
  0.000
  0.000
  0.000
  0.000
  0.000
  0.000
  0.000
  0.000
  0.000
  0.000
  0.000
  0.000
  0.000
  0.000
  0.000
  0.000
  0.000
  0.000
  1.487
  0.000
  2.886
  2.843
  0.000
  0.000
  1.360
  1.341
  0.000
  0.000
  0.000
  1.266
  0.000
  0.000
  0.000
  1.198
  0.000
  5.831
  3.452
  1.135
  1.120
  1.106
  2.183
  1.077
  1.064
  0.000
  2.073
  0.000
  0.000
  1.997
  2.958
  1.948
  0.962
  3.802
  1.878
  0.000
  0.917
  0.906
  0.895
  0.000
  0.000
  1.729
  1.709
  0.845
  0.000
  1.651
  0.816
  1.614
  0.000
  1.579
  0.781
  0.772
  0.000
  1.511
  0.000
  0.000
  0.000
  0.000
  0.000
  0.000
  0.701
  0.000
  0.000
  0.680
  0.000
  0.000
  0.000
  1.305
  0.000
  1.919
  1.267
  1.254
  0.000
  0.615
  0.609
  0.000
  0.597
  0.000
  2.930
  2.322
  2.300
  0.570
  0.564
  1.118
  2.215
  0.549
  1.631
  2.155
  1.068
  0.529
  2.097
  2.597
  0.515
  0.510
  1.517
  1.003
  0.994
  0.985
  0.977
  1.936
  1.440
  1.427
  1.415
  1.403
  0.464
  1.379
  1.368
  1.356
  1.345
  1.334
  0.882
  1.312
  0.434
  0.430
  0.000
  2.116
  0.420
  0.416
  2.066
  0.410
  0.813
  0.403
  1.201
  0.397
  0.394
  0.8320195E+02  0.8320195E+02
  0.000
  0.000
  0.000
  0.000
  0.000
  0.000
  0.000
  0.000
  0.000
  0.000
  0.000
  0.000
  0.000
  0.000
  0.000
  0.000
  0.000
251.860
 75.125
  0.000
  0.000
  0.000
  0.000
  0.000
  0.000
  0.000
  0.000
  0.000
126.636
 29.549
 27.644
  0.000
  0.000
  0.000
  0.000
  0.000
  0.000
  0.000
  0.000
  0.000
  0.000
  0.000
  0.000
  0.000
  0.000
  0.000
  0.000
  0.000
  0.000
  0.000
  0.000
  0.000
  0.000
  0.000
  0.000
  0.000
  0.000
  0.000
  0.000
  0.000
  0.000
  0.000
  0.000
  0.000
  0.000
  0.000
  0.000
  0.000
  0.000
  0.000
  0.000
  0.000
  0.000
  0.000
  0.000
  0.000
  0.000
  0.000
  0.000
  0.000
  0.000
  0.000
  0.000
  0.000
  0.000
  0.000
  0.000
  0.000
  0.000
  0.000
  0.000
  0.000
  0.000
  0.000
  0.000
  0.000
  0.000
  0.000
  0.000
  0.000
  0.000
  0.000
  0.000
  0.000
  0.000
  0.000
  0.000
  0.000
  0.000
  0.000
  0.000
  0.000
  0.000
  0.000
  0.000
  0.000
  0.000
  0.000
  0.000
  0.000
  0.000
  0.000
  0.000
  0.000
  0.000
  0.000
  0.000
  0.000
  0.000
  0.000
  0.000
  0.000
  1.465
  1.443
  2.843
  1.401
  0.000
  0.000
  1.341
  1.322
  0.000
  0.000
  0.000
  1.249
  0.000
  0.000
  0.000
  4.728
  2.332
  3.452
  1.135
  1.120
  1.106
  1.091
  1.077
  2.127
  2.100
  0.000
  0.000
  1.011
  0.998
  2.958
  2.922
  0.962
  2.851
  1.878
  0.000
  0.917
  0.906
  0.895
  0.000
  0.000
  1.729
  2.563
  0.000
  0.000
  2.477
  0.000
  0.807
  1.596
  0.789
  0.781
  0.772
  0.000
  1.511
  0.000
  0.000
  0.000
  0.000
  0.000
  0.000
  0.701
  0.000
  0.000
  0.680
  0.000
  0.000
  0.000
  0.653
  0.646
  1.279
  1.267
  1.881
  0.000
  0.000
  1.218
  0.000
  0.000
  1.183
  1.758
  2.322
  2.875
  0.570
  0.000
  1.118
  2.215
  1.097
  1.087
  3.232
  0.534
  0.000
  3.145
  2.078
  0.515
  0.000
  1.517
  1.504
  1.491
  0.985
  1.465
  0.968
  1.440
  1.427
  1.887
  0.935
  0.927
  1.379
  0.912
  1.808
  0.897
  1.334
  1.323
  0.875
  0.434
  0.430
  0.000
  1.693
  0.840
  2.082
  0.413
  0.410
  0.813
  0.403
  1.201
  0.000
  0.788
  0.1186074E+03  0.1186074E+03
  0.000
  0.000
  0.000
  0.000
  0.000
  0.000
  0.000
  0.000
  0.000
  0.000
  0.000
  0.000
  0.000
  0.000
  0.000
  0.000
  0.000
251.860
 75.125
  0.000
  0.000
  0.000
  0.000
  0.000
  0.000
  0.000
  0.000
  0.000
126.636
 59.098
  0.000
  0.000
  0.000
  0.000
  0.000
  0.000
  0.000
  0.000
  0.000
  0.000
  0.000
  0.000
  0.000
  0.000
  0.000
  0.000
  0.000
  0.000
  0.000
  0.000
  0.000
  0.000
  0.000
  0.000
  0.000
  0.000
  0.000
  0.000
  0.000
  0.000
  0.000
  0.000
  0.000
  0.000
  0.000
  0.000
  0.000
  0.000
  0.000
  0.000
  0.000
  0.000
  0.000
  0.000
  0.000
  0.000
  0.000
  0.000
  0.000
  0.000
  0.000
  0.000
  0.000
  0.000
  0.000
  0.000
  0.000
  0.000
  0.000
  0.000
  0.000
  0.000
  0.000
  0.000
  0.000
  0.000
  0.000
  0.000
  0.000
  0.000
  0.000
  0.000
  0.000
  0.000
  0.000
  0.000
  0.000
  0.000
  0.000
  0.000
  0.000
  0.000
  0.000
  0.000
  0.000
  0.000
  0.000
  0.000
  0.000
  0.000
  0.000
  0.000
  0.000
  0.000
  0.000
  0.000
  0.000
  0.000
  0.000
  0.000
  0.000
  0.000
  1.465
  1.443
  2.843
  1.401
  0.000
  0.000
  1.341
  1.322
  0.000
  0.000
  0.000
  1.249
  0.000
  0.000
  2.397
  1.182
  3.499
  3.452
  1.135
  0.000
  2.212
  1.091
  1.077
  1.064
  3.150
  0.000
  0.000
  2.022
  0.000
  3.944
  2.922
  0.000
  2.851
  0.939
  0.928
  0.000
  1.812
  0.895
  0.000
  0.000
  1.729
  2.563
  0.000
  0.835
  0.826
  0.816
  1.614
  0.798
  0.789
  0.781
  0.772
  0.764
  0.756
  0.000
  0.000
  0.000
  0.000
  0.000
  0.000
  0.701
  0.000
  0.000
  0.000
  0.673
  0.000
  0.000
  1.305
  0.000
  1.279
  1.267
  1.881
  0.000
  0.000
  1.218
  0.000
  0.000
  1.775
  2.344
  1.161
  2.300
  0.570
  0.564
  0.559
  2.769
  1.097
  1.631
  2.693
  0.534
  0.000
  1.573
  3.117
  1.030
  0.510
  0.506
  2.506
  1.491
  0.985
  0.977
  0.968
  1.440
  0.952
  2.830
  0.935
  0.464
  1.379
  1.368
  1.808
  0.448
  1.334
  1.323
  0.875
  0.434
  0.430
  0.000
  1.270
  1.260
  1.666
  0.826
  0.410
  0.813
  0.403
  1.201
  0.000
  0.000
  0.1498449E+03  0.1498449E+03
  0.000
  0.000
  0.000
  0.000
  0.000
  0.000
  0.000
  0.000
  0.000
  0.000
  0.000
  0.000
  0.000
  0.000
  0.000
  0.000
  0.000
335.813
  0.000
  0.000
  0.000
  0.000
  0.000
  0.000
  0.000
  0.000
  0.000
 34.003
 63.318
 88.648
  0.000
  0.000
  0.000
  0.000
  0.000
  0.000
  0.000
  0.000
  0.000
  0.000
  0.000
  0.000
  0.000
  0.000
  0.000
  0.000
  0.000
  0.000
  0.000
  0.000
  0.000
  0.000
  0.000
  0.000
  0.000
  0.000
  0.000
  0.000
  0.000
  0.000
  0.000
  0.000
  0.000
  0.000
  0.000
  0.000
  0.000
  0.000
  0.000
  0.000
  0.000
  0.000
  0.000
  0.000
  0.000
  0.000
  0.000
  0.000
  0.000
  0.000
  0.000
  0.000
  0.000
  0.000
  0.000
  0.000
  0.000
  0.000
  0.000
  0.000
  0.000
  0.000
  0.000
  0.000
  0.000
  0.000
  0.000
  0.000
  0.000
  0.000
  0.000
  0.000
  0.000
  0.000
  0.000
  0.000
  0.000
  0.000
  0.000
  0.000
  0.000
  0.000
  0.000
  0.000
  0.000
  0.000
  0.000
  0.000
  0.000
  0.000
  0.000
  0.000
  0.000
  0.000
  0.000
  0.000
  0.000
  0.000
  0.000
  0.000
  0.000
  1.487
  0.000
  1.443
  2.843
  1.401
  0.000
  0.000
  1.341
  1.322
  0.000
  0.000
  0.000
  1.249
  0.000
  0.000
  2.397
  0.000
  5.831
  0.000
  3.406
  1.120
  1.106
  1.091
  1.077
  3.191
  1.050
  0.000
  0.000
  2.022
  0.998
  0.986
  4.870
  0.962
  1.901
  0.939
  0.000
  1.833
  0.000
  1.790
  0.000
  0.000
  1.729
  1.709
  0.845
  0.835
  0.826
  0.816
  1.614
  1.596
  0.000
  0.000
  1.544
  0.764
  0.756
  0.000
  0.000
  0.000
  0.000
  0.000
  0.000
  0.701
  0.000
  0.000
  0.000
  0.673
  0.000
  0.659
  0.653
  0.000
  0.640
  2.534
  0.627
  0.621
  0.615
  0.609
  0.000
  0.000
  1.775
  2.344
  0.580
  2.300
  1.139
  1.128
  0.000
  2.769
  1.646
  1.087
  1.616
  1.601
  0.529
  1.573
  2.597
  0.515
  1.531
  0.000
  3.008
  0.994
  1.478
  0.488
  0.484
  1.440
  1.427
  0.943
  3.274
  0.464
  0.920
  0.456
  2.713
  0.448
  1.779
  0.882
  0.437
  0.867
  0.430
  0.427
  0.423
  1.679
  1.666
  0.826
  0.820
  0.407
  0.403
  0.400
  0.794
  0.000
  0.7899037E+02  0.7899037E+02
  0.000
  0.000
  0.000
  0.000
  0.000
  0.000
  0.000
  0.000
  0.000
  0.000
  0.000
  0.000
  0.000
  0.000
  0.000
  0.000
 94.435
167.907
 75.125
  0.000
  0.000
  0.000
  0.000
  0.000
  0.000
  0.000
  0.000
  0.000
126.636
 59.098
  0.000
  0.000
  0.000
  0.000
  0.000
  0.000
  0.000
  0.000
  0.000
  0.000
  0.000
  0.000
  0.000
  0.000
  0.000
  0.000
  0.000
  0.000
  0.000
  0.000
  0.000
  0.000
  0.000
  0.000
  0.000
  0.000
  0.000
  0.000
  0.000
  0.000
  0.000
  0.000
  0.000
  0.000
  0.000
  0.000
  0.000
  0.000
  0.000
  0.000
  0.000
  0.000
  0.000
  0.000
  0.000
  0.000
  0.000
  0.000
  0.000
  0.000
  0.000
  0.000
  0.000
  0.000
  0.000
  0.000
  0.000
  0.000
  0.000
  0.000
  0.000
  0.000
  0.000
  0.000
  0.000
  0.000
  0.000
  0.000
  0.000
  0.000
  0.000
  0.000
  0.000
  0.000
  0.000
  0.000
  0.000
  0.000
  0.000
  0.000
  0.000
  0.000
  0.000
  0.000
  0.000
  0.000
  0.000
  0.000
  0.000
  0.000
  0.000
  0.000
  0.000
  0.000
  0.000
  0.000
  0.000
  0.000
  0.000
  0.000
  0.000
  1.487
  0.000
  1.443
  0.000
  4.202
  0.000
  0.000
  1.341
  1.322
  0.000
  0.000
  1.266
  0.000
  0.000
  0.000
  2.397
  0.000
  4.665
  2.301
  2.271
  1.120
  2.212
  0.000
  1.077
  3.191
  1.050
  0.000
  0.000
  1.011
  1.997
  1.972
  2.922
  1.924
  0.950
  0.939
  0.928
  1.833
  0.906
  0.895
  0.000
  0.000
  1.729
  1.709
  0.845
  0.835
  0.000
  2.449
  0.807
  1.596
  0.000
  0.000
  1.544
  0.764
  0.756
  0.000
  0.000
  0.000
  0.000
  0.000
  0.000
  0.701
  0.000
  0.000
  0.000
  0.673
  0.000
  0.659
  0.653
  0.000
  0.640
  1.900
  1.254
  1.242
  0.000
  0.609
  0.000
  0.597
  1.183
  2.344
  0.580
  1.725
  1.139
  1.693
  0.559
  1.108
  2.743
  0.544
  2.155
  1.601
  1.058
  1.573
  1.558
  1.545
  0.510
  1.012
  2.506
  0.497
  1.970
  0.488
  0.484
  1.440
  0.952
  1.887
  2.806
  0.464
  0.460
  1.368
  1.808
  0.448
  1.779
  1.323
  0.437
  1.301
  0.000
  0.427
  0.847
  1.679
  1.249
  0.826
  0.820
  0.813
  0.000
  0.400
  0.794
  0.394
  0.1547223E+03  0.1547223E+03
  0.000
  0.000
  0.000
  0.000
  0.000
  0.000
  0.000
  0.000
  0.000
  0.000
  0.000
  0.000
  0.000
  0.000
  0.000
  0.000
  0.000
335.813
  0.000
  0.000
  0.000
  0.000
  0.000
  0.000
  0.000
  0.000
  0.000
  0.000
126.636
 29.549
 27.644
  0.000
  0.000
  0.000
  0.000
  0.000
  0.000
  0.000
  0.000
  0.000
  0.000
  0.000
  0.000
  0.000
  0.000
  0.000
  0.000
  0.000
  0.000
  0.000
  0.000
  0.000
  0.000
  0.000
  0.000
  0.000
  0.000
  0.000
  0.000
  0.000
  0.000
  0.000
  0.000
  0.000
  0.000
  0.000
  0.000
  0.000
  0.000
  0.000
  0.000
  0.000
  0.000
  0.000
  0.000
  0.000
  0.000
  0.000
  0.000
  0.000
  0.000
  0.000
  0.000
  0.000
  0.000
  0.000
  0.000
  0.000
  0.000
  0.000
  0.000
  0.000
  0.000
  0.000
  0.000
  0.000
  0.000
  0.000
  0.000
  0.000
  0.000
  0.000
  0.000
  0.000
  0.000
  0.000
  0.000
  0.000
  0.000
  0.000
  0.000
  0.000
  0.000
  0.000
  0.000
  0.000
  0.000
  0.000
  0.000
  0.000
  0.000
  0.000
  0.000
  0.000
  0.000
  0.000
  0.000
  0.000
  0.000
  0.000
  1.510
  0.000
  0.000
  0.000
  4.265
  1.401
  0.000
  1.360
  0.000
  1.322
  0.000
  0.000
  0.000
  1.249
  0.000
  1.215
  1.198
  1.182
  2.332
  3.452
  2.271
  2.241
  0.000
  1.091
  1.077
  3.191
  1.050
  0.000
  0.000
  1.011
  1.997
  1.972
  1.948
  2.886
  1.901
  0.000
  0.928
  1.833
  0.906
  0.895
  0.000
  0.874
  0.864
  2.563
  0.000
  0.835
  0.826
  0.000
  2.421
  0.000
  1.579
  0.000
  1.544
  1.528
  0.000
  0.000
  0.000
  0.000
  0.000
  0.000
  0.000
  0.000
  0.694
  0.000
  0.000
  0.673
  0.000
  0.000
  1.305
  0.646
  0.000
  1.900
  1.881
  0.000
  1.230
  0.000
  0.000
  1.195
  0.592
  1.758
  1.741
  1.150
  1.139
  1.693
  1.118
  1.661
  1.646
  0.544
  2.155
  1.601
  1.058
  1.048
  2.597
  0.515
  1.021
  1.517
  2.005
  0.994
  0.985
  0.977
  0.000
  1.440
  1.427
  1.415
  2.806
  0.927
  0.460
  1.824
  1.356
  0.897
  1.334
  1.323
  0.875
  0.867
  0.000
  0.427
  0.000
  1.260
  2.082
  1.653
  0.000
  1.220
  0.000
  0.400
  0.397
  0.788
  0.4068391E+02  0.4068391E+02
  0.000
  0.000
  0.000
  0.000
  0.000
  0.000
  0.000
  0.000
  0.000
  0.000
  0.000
  0.000
  0.000
  0.000
  0.000
  0.000
  0.000
167.907
150.249
  0.000
  0.000
  0.000
  0.000
  0.000
  0.000
  0.000
  0.000
  0.000
126.636
  0.000
 55.287
  0.000
  0.000
  0.000
  0.000
  0.000
  0.000
  0.000
  0.000
  0.000
  0.000
  0.000
  0.000
  0.000
  0.000
  0.000
  0.000
  0.000
  0.000
  0.000
  0.000
  0.000
  0.000
  0.000
  0.000
  0.000
  0.000
  0.000
  0.000
  0.000
  0.000
  0.000
  0.000
  0.000
  0.000
  0.000
  0.000
  0.000
  0.000
  0.000
  0.000
  0.000
  0.000
  0.000
  0.000
  0.000
  0.000
  0.000
  0.000
  0.000
  0.000
  0.000
  0.000
  0.000
  0.000
  0.000
  0.000
  0.000
  0.000
  0.000
  0.000
  0.000
  0.000
  0.000
  0.000
  0.000
  0.000
  0.000
  0.000
  0.000
  0.000
  0.000
  0.000
  0.000
  0.000
  0.000
  0.000
  0.000
  0.000
  0.000
  0.000
  0.000
  0.000
  0.000
  0.000
  0.000
  0.000
  0.000
  0.000
  0.000
  0.000
  0.000
  0.000
  0.000
  0.000
  0.000
  0.000
  0.000
  0.000
  0.000
  0.000
  1.487
  1.465
  0.000
  2.843
  0.000
  1.380
  1.360
  0.000
  1.322
  0.000
  0.000
  0.000
  1.249
  0.000
  1.215
  2.397
  0.000
  3.499
  3.452
  1.135
  2.241
  0.000
  2.183
  0.000
  2.127
  1.050
  1.037
  0.000
  1.011
  0.998
  3.944
  0.974
  2.886
  1.901
  0.000
  0.928
  1.833
  0.906
  0.895
  0.000
  0.874
  0.000
  3.417
  0.000
  0.835
  0.000
  0.816
  1.614
  0.798
  1.579
  0.000
  1.544
  0.764
  0.756
  0.000
  0.000
  0.000
  0.000
  0.000
  0.000
  0.000
  0.000
  0.687
  0.000
  0.000
  0.666
  0.000
  1.305
  0.646
  0.000
  1.900
  1.254
  1.242
  0.615
  0.000
  0.000
  1.195
  1.183
  2.344
  1.741
  0.575
  1.139
  1.693
  0.559
  2.215
  0.549
  1.087
  1.077
  2.669
  1.058
  1.048
  2.078
  1.030
  1.021
  1.517
  2.506
  0.000
  1.478
  0.977
  0.000
  0.960
  2.379
  0.943
  2.338
  1.391
  0.460
  2.280
  0.904
  0.897
  0.889
  1.323
  1.749
  0.434
  0.000
  0.000
  0.423
  1.260
  1.249
  2.066
  0.410
  0.407
  0.807
  0.400
  0.397
  0.394
