   1   5   1   0  0.2034715E+03  0.5000000E+02
  CAR 
 unknown system                          
   0   0   0
   1   1
 256 256 256
 256
  0.1000000E-09
  0.6250000E-11
  10
  0.2000000E-14  0.9774718E-09  0.1011370E-08  0.1029816E-08
  0.1083365E+03  0.1083365E+03
  0.000
  0.000
  0.000
  0.000
  0.000
  0.000
  0.000
  0.000
  0.000
  0.000
  0.000
  0.000
  0.000
  0.000
  0.000
  0.000
  0.000
259.801
 77.493
  0.000
  0.000
  0.000
  0.000
  0.000
  0.000
  0.000
  0.000
 35.075
 97.972
 60.962
  0.000
  0.000
  0.000
  0.000
  0.000
  0.000
  0.000
  0.000
  0.000
  0.000
  0.000
  0.000
  0.000
  0.000
  0.000
  0.000
  0.000
  0.000
  0.000
  0.000
  0.000
  0.000
  0.000
  0.000
  0.000
  0.000
  0.000
  0.000
  0.000
  0.000
  0.000
  0.000
  0.000
  0.000
  0.000
  0.000
  0.000
  0.000
  0.000
  0.000
  0.000
  0.000
  0.000
  0.000
  0.000
  0.000
  0.000
  0.000
  0.000
  0.000
  0.000
  0.000
  0.000
  0.000
  0.000
  0.000
  0.000
  0.000
  0.000
  0.000
  0.000
  0.000
  0.000
  0.000
  0.000
  0.000
  0.000
  0.000
  0.000
  0.000
  0.000
  0.000
  0.000
  0.000
  0.000
  0.000
  0.000
  0.000
  0.000
  0.000
  0.000
  0.000
  0.000
  0.000
  0.000
  0.000
  0.000
  0.000
  0.000
  0.000
  0.000
  0.000
  0.000
  0.000
  0.000
  0.000
  0.000
  0.000
  0.000
  0.000
  0.000
  0.000
  1.511
  0.000
  1.466
  1.445
  0.000
  2.806
  1.383
  1.363
  0.000
  0.000
  0.000
  0.000
  0.000
  0.000
  1.236
  0.000
  0.000
  1.187
  4.685
  3.467
  2.281
  4.504
  0.000
  1.097
  1.083
  1.069
  0.000
  0.000
  2.060
  2.034
  1.005
  1.985
  2.941
  1.937
  1.914
  1.891
  0.000
  0.000
  0.000
  0.902
  0.892
  0.881
  0.871
  0.861
  0.852
  0.842
  1.665
  1.647
  1.629
  0.805
  1.593
  0.000
  0.000
  0.000
  0.763
  0.755
  0.000
  0.000
  0.000
  0.000
  0.000
  0.000
  0.701
  0.000
  0.687
  0.000
  0.673
  0.000
  0.000
  0.653
  0.000
  1.281
  1.903
  0.628
  1.244
  1.232
  0.000
  0.604
  0.000
  2.372
  1.175
  0.000
  2.883
  0.571
  2.830
  1.122
  1.111
  1.652
  1.637
  1.622
  1.608
  0.531
  1.053
  2.087
  1.551
  0.513
  1.016
  0.504
  1.498
  1.980
  0.982
  0.487
  1.930
  1.435
  2.846
  0.470
  0.933
  2.312
  0.459
  0.455
  0.902
  2.237
  0.888
  1.320
  0.000
  0.866
  0.000
  0.852
  0.846
  1.258
  0.832
  1.238
  0.819
  0.406
  0.7983177E+02  0.7983177E+02
  0.000
  0.000
  0.000
  0.000
  0.000
  0.000
  0.000
  0.000
  0.000
  0.000
  0.000
  0.000
  0.000
  0.000
  0.000
  0.000
 97.412
259.801
  0.000
  0.000
  0.000
  0.000
  0.000
  0.000
  0.000
  0.000
  0.000
 70.150
130.629
  0.000
  0.000
  0.000
  0.000
  0.000
  0.000
  0.000
  0.000
  0.000
  0.000
  0.000
  0.000
  0.000
  0.000
  0.000
  0.000
  0.000
  0.000
  0.000
  0.000
  0.000
  0.000
  0.000
  0.000
  0.000
  0.000
  0.000
  0.000
  0.000
  0.000
  0.000
  0.000
  0.000
  0.000
  0.000
  0.000
  0.000
  0.000
  0.000
  0.000
  0.000
  0.000
  0.000
  0.000
  0.000
  0.000
  0.000
  0.000
  0.000
  0.000
  0.000
  0.000
  0.000
  0.000
  0.000
  0.000
  0.000
  0.000
  0.000
  0.000
  0.000
  0.000
  0.000
  0.000
  0.000
  0.000
  0.000
  0.000
  0.000
  0.000
  0.000
  0.000
  0.000
  0.000
  0.000
  0.000
  0.000
  0.000
  0.000
  0.000
  0.000
  0.000
  0.000
  0.000
  0.000
  0.000
  0.000
  0.000
  0.000
  0.000
  0.000
  0.000
  0.000
  0.000
  0.000
  0.000
  0.000
  0.000
  0.000
  0.000
  0.000
  0.000
  0.000
  1.511
  0.000
  1.466
  0.000
  2.848
  1.403
  1.383
  1.363
  0.000
  0.000
  0.000
  0.000
  0.000
  0.000
  1.236
  0.000
  0.000
  0.000
  3.514
  5.779
  1.141
  1.126
  5.557
  1.097
  0.000
  1.069
  0.000
  0.000
  3.089
  1.017
  1.005
  1.985
  2.941
  1.937
  2.871
  0.946
  0.000
  0.000
  0.913
  0.000
  0.892
  0.881
  0.871
  0.861
  0.852
  1.684
  1.665
  1.647
  0.814
  1.611
  0.797
  0.000
  0.000
  0.000
  0.763
  0.755
  0.000
  0.000
  0.000
  0.000
  0.716
  0.000
  0.000
  0.694
  0.000
  0.000
  0.000
  0.667
  0.000
  0.000
  1.294
  0.641
  0.634
  1.885
  0.622
  0.616
  1.220
  0.604
  0.000
  0.593
  2.937
  0.582
  1.153
  1.142
  2.264
  2.243
  1.111
  1.652
  1.091
  2.704
  1.072
  0.531
  1.579
  2.087
  1.034
  0.513
  1.016
  0.504
  1.498
  1.485
  0.491
  2.433
  0.965
  1.913
  2.371
  0.941
  1.399
  1.387
  0.000
  0.910
  0.902
  2.237
  0.888
  0.880
  0.437
  0.866
  0.000
  1.278
  1.268
  0.419
  1.664
  0.413
  0.819
  0.813
  0.1065096E+03  0.1065096E+03
  0.000
  0.000
  0.000
  0.000
  0.000
  0.000
  0.000
  0.000
  0.000
  0.000
  0.000
  0.000
  0.000
  0.000
  0.000
  0.000
  0.000
346.401
  0.000
  0.000
  0.000
  0.000
  0.000
  0.000
  0.000
  0.000
  0.000
 35.075
130.629
 30.481
  0.000
  0.000
  0.000
  0.000
  0.000
  0.000
  0.000
  0.000
  0.000
  0.000
  0.000
  0.000
  0.000
  0.000
  0.000
  0.000
  0.000
  0.000
  0.000
  0.000
  0.000
  0.000
  0.000
  0.000
  0.000
  0.000
  0.000
  0.000
  0.000
  0.000
  0.000
  0.000
  0.000
  0.000
  0.000
  0.000
  0.000
  0.000
  0.000
  0.000
  0.000
  0.000
  0.000
  0.000
  0.000
  0.000
  0.000
  0.000
  0.000
  0.000
  0.000
  0.000
  0.000
  0.000
  0.000
  0.000
  0.000
  0.000
  0.000
  0.000
  0.000
  0.000
  0.000
  0.000
  0.000
  0.000
  0.000
  0.000
  0.000
  0.000
  0.000
  0.000
  0.000
  0.000
  0.000
  0.000
  0.000
  0.000
  0.000
  0.000
  0.000
  0.000
  0.000
  0.000
  0.000
  0.000
  0.000
  0.000
  0.000
  0.000
  0.000
  0.000
  0.000
  0.000
  0.000
  0.000
  0.000
  0.000
  0.000
  0.000
  0.000
  0.000
  1.511
  0.000
  1.466
  0.000
  2.848
  0.000
  2.766
  1.363
  0.000
  0.000
  0.000
  0.000
  0.000
  1.253
  0.000
  0.000
  0.000
  1.187
  4.685
  2.312
  3.422
  0.000
  4.445
  2.194
  0.000
  1.069
  0.000
  1.043
  2.060
  0.000
  2.009
  1.985
  2.941
  1.937
  2.871
  0.946
  0.000
  0.000
  0.913
  0.000
  0.892
  0.881
  0.871
  0.000
  0.852
  1.684
  3.330
  0.823
  0.814
  1.611
  0.797
  0.000
  0.000
  0.000
  0.000
  0.755
  0.747
  0.000
  0.000
  0.000
  0.716
  0.000
  0.000
  0.694
  0.000
  0.000
  0.000
  0.000
  0.660
  0.653
  0.647
  1.281
  0.000
  1.885
  0.000
  1.232
  1.220
  0.604
  0.000
  0.593
  2.937
  0.582
  0.577
  1.714
  2.830
  0.561
  2.778
  0.551
  2.183
  2.163
  1.072
  0.531
  1.579
  2.608
  0.517
  0.513
  1.016
  1.007
  0.999
  1.485
  0.491
  2.433
  1.447
  1.913
  1.897
  0.941
  0.933
  1.850
  0.000
  0.910
  0.451
  1.790
  1.331
  1.320
  0.437
  0.866
  0.000
  1.278
  1.268
  0.419
  1.664
  0.413
  1.229
  0.406
  0.1293198E+03  0.1293198E+03
  0.000
  0.000
  0.000
  0.000
  0.000
  0.000
  0.000
  0.000
  0.000
  0.000
  0.000
  0.000
  0.000
  0.000
  0.000
  0.000
  0.000
259.801
 77.493
  0.000
  0.000
  0.000
  0.000
  0.000
  0.000
  0.000
  0.000
  0.000
 97.972
 60.962
 28.515
  0.000
  0.000
  0.000
  0.000
  0.000
  0.000
  0.000
  0.000
  0.000
  0.000
  0.000
  0.000
  0.000
  0.000
  0.000
  0.000
  0.000
  0.000
  0.000
  0.000
  0.000
  0.000
  0.000
  0.000
  0.000
  0.000
  0.000
  0.000
  0.000
  0.000
  0.000
  0.000
  0.000
  0.000
  0.000
  0.000
  0.000
  0.000
  0.000
  0.000
  0.000
  0.000
  0.000
  0.000
  0.000
  0.000
  0.000
  0.000
  0.000
  0.000
  0.000
  0.000
  0.000
  0.000
  0.000
  0.000
  0.000
  0.000
  0.000
  0.000
  0.000
  0.000
  0.000
  0.000
  0.000
  0.000
  0.000
  0.000
  0.000
  0.000
  0.000
  0.000
  0.000
  0.000
  0.000
  0.000
  0.000
  0.000
  0.000
  0.000
  0.000
  0.000
  0.000
  0.000
  0.000
  0.000
  0.000
  0.000
  0.000
  0.000
  0.000
  0.000
  0.000
  0.000
  0.000
  0.000
  0.000
  0.000
  0.000
  0.000
  0.000
  1.511
  0.000
  1.466
  1.445
  1.424
  1.403
  1.383
  1.363
  0.000
  0.000
  0.000
  0.000
  0.000
  0.000
  1.236
  0.000
  1.203
  3.561
  1.171
  2.312
  3.422
  1.126
  3.334
  2.194
  0.000
  1.069
  0.000
  1.043
  2.060
  0.000
  1.005
  1.985
  4.902
  0.969
  2.871
  0.946
  0.000
  0.000
  0.000
  0.902
  0.892
  0.881
  0.000
  0.861
  1.703
  1.684
  2.498
  0.000
  0.814
  1.611
  0.000
  1.576
  0.000
  0.000
  0.000
  0.755
  0.747
  0.000
  0.000
  0.000
  0.000
  0.000
  0.701
  0.694
  0.000
  0.000
  0.000
  0.667
  0.000
  1.307
  0.000
  1.922
  0.000
  1.256
  0.622
  1.848
  0.610
  0.000
  0.000
  1.779
  1.762
  0.000
  2.306
  1.714
  1.698
  0.561
  2.223
  1.652
  2.728
  0.541
  1.608
  0.531
  1.053
  2.087
  1.551
  0.000
  1.016
  0.504
  1.997
  1.485
  0.982
  0.973
  1.930
  1.913
  2.371
  0.470
  0.933
  1.850
  0.917
  0.455
  0.000
  1.790
  1.331
  1.320
  0.873
  0.866
  0.000
  1.278
  0.423
  1.258
  0.416
  1.651
  1.229
  0.000
  0.1315236E+03  0.1315236E+03
  0.000
  0.000
  0.000
  0.000
  0.000
  0.000
  0.000
  0.000
  0.000
  0.000
  0.000
  0.000
  0.000
  0.000
  0.000
  0.000
  0.000
259.801
 77.493
  0.000
  0.000
  0.000
  0.000
  0.000
  0.000
  0.000
  0.000
  0.000
 32.657
152.405
  0.000
  0.000
  0.000
  0.000
  0.000
  0.000
  0.000
  0.000
  0.000
  0.000
  0.000
  0.000
  0.000
  0.000
  0.000
  0.000
  0.000
  0.000
  0.000
  0.000
  0.000
  0.000
  0.000
  0.000
  0.000
  0.000
  0.000
  0.000
  0.000
  0.000
  0.000
  0.000
  0.000
  0.000
  0.000
  0.000
  0.000
  0.000
  0.000
  0.000
  0.000
  0.000
  0.000
  0.000
  0.000
  0.000
  0.000
  0.000
  0.000
  0.000
  0.000
  0.000
  0.000
  0.000
  0.000
  0.000
  0.000
  0.000
  0.000
  0.000
  0.000
  0.000
  0.000
  0.000
  0.000
  0.000
  0.000
  0.000
  0.000
  0.000
  0.000
  0.000
  0.000
  0.000
  0.000
  0.000
  0.000
  0.000
  0.000
  0.000
  0.000
  0.000
  0.000
  0.000
  0.000
  0.000
  0.000
  0.000
  0.000
  0.000
  0.000
  0.000
  0.000
  0.000
  0.000
  0.000
  0.000
  0.000
  0.000
  0.000
  0.000
  1.534
  0.000
  1.489
  0.000
  1.445
  1.424
  1.403
  2.766
  0.000
  0.000
  0.000
  0.000
  0.000
  0.000
  0.000
  1.236
  0.000
  2.406
  2.374
  1.171
  4.623
  0.000
  2.252
  3.334
  1.097
  1.083
  1.069
  0.000
  0.000
  3.089
  1.017
  0.000
  3.970
  1.961
  0.969
  2.871
  0.946
  0.934
  0.000
  0.000
  0.902
  0.892
  0.000
  0.871
  0.861
  0.852
  1.684
  2.498
  0.823
  0.814
  0.805
  0.797
  0.788
  0.779
  0.000
  0.000
  0.755
  0.747
  0.000
  0.000
  0.000
  0.000
  0.000
  0.701
  0.694
  0.000
  0.680
  0.000
  0.000
  0.000
  0.653
  1.294
  0.641
  0.634
  1.256
  1.244
  1.848
  0.000
  0.000
  0.000
  2.372
  1.175
  0.582
  1.730
  1.714
  2.264
  1.122
  1.667
  2.202
  1.637
  0.541
  1.072
  1.593
  0.526
  2.087
  1.551
  0.513
  0.000
  1.007
  1.498
  1.980
  0.982
  0.973
  1.447
  2.870
  1.423
  0.470
  0.466
  2.775
  0.917
  0.455
  0.000
  2.237
  1.331
  0.880
  0.873
  0.866
  0.000
  0.426
  1.268
  0.839
  0.832
  0.826
  2.048
  0.000
  0.1612648E+03  0.1612648E+03
  0.000
  0.000
  0.000
  0.000
  0.000
  0.000
  0.000
  0.000
  0.000
  0.000
  0.000
  0.000
  0.000
  0.000
  0.000
  0.000
  0.000
346.401
  0.000
  0.000
  0.000
  0.000
  0.000
  0.000
  0.000
  0.000
  0.000
  0.000
130.629
 60.962
  0.000
  0.000
  0.000
  0.000
  0.000
  0.000
  0.000
  0.000
  0.000
  0.000
  0.000
  0.000
  0.000
  0.000
  0.000
  0.000
  0.000
  0.000
  0.000
  0.000
  0.000
  0.000
  0.000
  0.000
  0.000
  0.000
  0.000
  0.000
  0.000
  0.000
  0.000
  0.000
  0.000
  0.000
  0.000
  0.000
  0.000
  0.000
  0.000
  0.000
  0.000
  0.000
  0.000
  0.000
  0.000
  0.000
  0.000
  0.000
  0.000
  0.000
  0.000
  0.000
  0.000
  0.000
  0.000
  0.000
  0.000
  0.000
  0.000
  0.000
  0.000
  0.000
  0.000
  0.000
  0.000
  0.000
  0.000
  0.000
  0.000
  0.000
  0.000
  0.000
  0.000
  0.000
  0.000
  0.000
  0.000
  0.000
  0.000
  0.000
  0.000
  0.000
  0.000
  0.000
  0.000
  0.000
  0.000
  0.000
  0.000
  0.000
  0.000
  0.000
  0.000
  0.000
  0.000
  0.000
  0.000
  0.000
  0.000
  0.000
  0.000
  1.534
  0.000
  1.489
  0.000
  0.000
  4.271
  0.000
  1.383
  1.363
  0.000
  0.000
  0.000
  0.000
  0.000
  0.000
  1.236
  0.000
  0.000
  3.561
  2.342
  2.312
  2.281
  1.126
  4.445
  1.097
  2.166
  0.000
  0.000
  0.000
  2.060
  2.034
  2.009
  1.985
  1.961
  1.937
  1.914
  0.946
  0.934
  0.000
  0.913
  0.000
  0.892
  0.000
  1.742
  0.861
  0.852
  1.684
  1.665
  0.823
  1.629
  0.000
  1.593
  0.788
  0.000
  0.000
  0.763
  0.755
  0.000
  0.000
  0.000
  0.000
  0.000
  0.709
  0.000
  0.694
  0.000
  0.680
  0.000
  0.000
  0.000
  0.653
  0.000
  1.922
  0.000
  1.256
  1.866
  1.232
  0.610
  0.000
  0.000
  2.372
  0.587
  0.582
  1.730
  1.714
  3.396
  0.561
  1.111
  3.304
  0.546
  1.081
  1.072
  0.531
  2.105
  1.043
  2.586
  0.000
  0.000
  1.511
  0.999
  1.980
  0.491
  1.460
  1.447
  2.392
  1.423
  0.941
  1.399
  1.850
  0.917
  0.455
  0.902
  1.790
  0.888
  1.761
  0.873
  0.000
  0.000
  0.852
  1.268
  0.419
  1.664
  1.238
  0.410
  0.406
  0.8814019E+02  0.8814019E+02
  0.000
  0.000
  0.000
  0.000
  0.000
  0.000
  0.000
  0.000
  0.000
  0.000
  0.000
  0.000
  0.000
  0.000
  0.000
  0.000
 97.412
259.801
  0.000
  0.000
  0.000
  0.000
  0.000
  0.000
  0.000
  0.000
  0.000
 70.150
130.629
  0.000
  0.000
  0.000
  0.000
  0.000
  0.000
  0.000
  0.000
  0.000
  0.000
  0.000
  0.000
  0.000
  0.000
  0.000
  0.000
  0.000
  0.000
  0.000
  0.000
  0.000
  0.000
  0.000
  0.000
  0.000
  0.000
  0.000
  0.000
  0.000
  0.000
  0.000
  0.000
  0.000
  0.000
  0.000
  0.000
  0.000
  0.000
  0.000
  0.000
  0.000
  0.000
  0.000
  0.000
  0.000
  0.000
  0.000
  0.000
  0.000
  0.000
  0.000
  0.000
  0.000
  0.000
  0.000
  0.000
  0.000
  0.000
  0.000
  0.000
  0.000
  0.000
  0.000
  0.000
  0.000
  0.000
  0.000
  0.000
  0.000
  0.000
  0.000
  0.000
  0.000
  0.000
  0.000
  0.000
  0.000
  0.000
  0.000
  0.000
  0.000
  0.000
  0.000
  0.000
  0.000
  0.000
  0.000
  0.000
  0.000
  0.000
  0.000
  0.000
  0.000
  0.000
  0.000
  0.000
  0.000
  0.000
  0.000
  0.000
  0.000
  0.000
  0.000
  1.511
  0.000
  1.466
  0.000
  4.271
  0.000
  0.000
  2.726
  0.000
  0.000
  0.000
  0.000
  0.000
  0.000
  1.236
  0.000
  0.000
  2.374
  2.342
  4.623
  1.141
  1.126
  3.334
  1.097
  2.166
  1.069
  0.000
  0.000
  2.060
  3.051
  1.005
  1.985
  1.961
  1.937
  1.914
  0.000
  0.934
  1.847
  0.000
  0.000
  0.892
  1.763
  0.000
  0.861
  0.000
  2.526
  1.665
  1.647
  0.814
  0.805
  0.797
  0.788
  0.000
  0.771
  0.000
  0.755
  0.000
  0.000
  0.000
  0.000
  0.716
  0.000
  0.000
  0.694
  0.000
  0.680
  0.000
  0.000
  0.000
  0.653
  0.000
  1.922
  0.000
  0.628
  1.866
  1.848
  0.610
  0.000
  0.000
  1.779
  1.175
  0.582
  0.577
  2.285
  2.830
  1.122
  1.667
  1.652
  2.183
  0.541
  1.608
  1.062
  2.632
  0.522
  2.068
  0.000
  0.508
  1.007
  0.999
  1.485
  0.982
  1.460
  1.930
  1.435
  2.371
  0.941
  1.399
  1.850
  0.459
  0.455
  1.353
  1.342
  1.775
  0.880
  0.873
  0.000
  0.430
  0.852
  0.846
  1.258
  1.248
  0.413
  0.410
  0.406
  0.8644906E+02  0.8644906E+02
  0.000
  0.000
  0.000
  0.000
  0.000
  0.000
  0.000
  0.000
  0.000
  0.000
  0.000
  0.000
  0.000
  0.000
  0.000
  0.000
194.824
173.201
  0.000
  0.000
  0.000
  0.000
  0.000
  0.000
  0.000
  0.000
  0.000
 70.150
130.629
  0.000
  0.000
  0.000
  0.000
  0.000
  0.000
  0.000
  0.000
  0.000
  0.000
  0.000
  0.000
  0.000
  0.000
  0.000
  0.000
  0.000
  0.000
  0.000
  0.000
  0.000
  0.000
  0.000
  0.000
  0.000
  0.000
  0.000
  0.000
  0.000
  0.000
  0.000
  0.000
  0.000
  0.000
  0.000
  0.000
  0.000
  0.000
  0.000
  0.000
  0.000
  0.000
  0.000
  0.000
  0.000
  0.000
  0.000
  0.000
  0.000
  0.000
  0.000
  0.000
  0.000
  0.000
  0.000
  0.000
  0.000
  0.000
  0.000
  0.000
  0.000
  0.000
  0.000
  0.000
  0.000
  0.000
  0.000
  0.000
  0.000
  0.000
  0.000
  0.000
  0.000
  0.000
  0.000
  0.000
  0.000
  0.000
  0.000
  0.000
  0.000
  0.000
  0.000
  0.000
  0.000
  0.000
  0.000
  0.000
  0.000
  0.000
  0.000
  0.000
  0.000
  0.000
  0.000
  0.000
  0.000
  0.000
  0.000
  0.000
  0.000
  0.000
  0.000
  1.511
  0.000
  1.466
  0.000
  4.271
  0.000
  0.000
  2.726
  0.000
  0.000
  0.000
  0.000
  0.000
  0.000
  1.236
  0.000
  0.000
  2.374
  3.514
  3.467
  2.281
  0.000
  2.223
  3.291
  0.000
  2.139
  0.000
  0.000
  3.089
  2.034
  1.005
  1.985
  1.961
  1.937
  1.914
  0.946
  0.934
  0.923
  0.000
  0.000
  1.783
  0.881
  0.000
  0.861
  0.000
  2.526
  1.665
  2.470
  0.000
  1.611
  0.000
  0.788
  0.000
  0.771
  0.000
  0.755
  0.000
  0.000
  0.000
  0.000
  0.000
  0.709
  0.000
  0.694
  0.000
  0.000
  0.673
  0.000
  0.000
  0.653
  0.000
  1.281
  0.634
  0.628
  1.866
  1.848
  0.610
  0.000
  0.000
  2.372
  0.587
  0.582
  0.577
  2.285
  2.830
  1.682
  1.111
  1.652
  2.183
  0.000
  2.143
  1.593
  1.579
  1.565
  1.551
  0.000
  0.000
  1.511
  0.999
  1.980
  0.982
  0.973
  1.447
  1.913
  2.371
  0.941
  0.933
  2.312
  0.917
  0.000
  0.902
  2.237
  0.444
  1.761
  0.873
  0.000
  0.430
  1.278
  0.423
  0.839
  1.664
  0.413
  0.819
  0.000
  0.1312236E+03  0.1312236E+03
  0.000
  0.000
  0.000
  0.000
  0.000
  0.000
  0.000
  0.000
  0.000
  0.000
  0.000
  0.000
  0.000
  0.000
  0.000
  0.000
  0.000
259.801
 77.493
  0.000
  0.000
  0.000
  0.000
  0.000
  0.000
  0.000
  0.000
  0.000
130.629
 30.481
 28.515
  0.000
  0.000
  0.000
  0.000
  0.000
  0.000
  0.000
  0.000
  0.000
  0.000
  0.000
  0.000
  0.000
  0.000
  0.000
  0.000
  0.000
  0.000
  0.000
  0.000
  0.000
  0.000
  0.000
  0.000
  0.000
  0.000
  0.000
  0.000
  0.000
  0.000
  0.000
  0.000
  0.000
  0.000
  0.000
  0.000
  0.000
  0.000
  0.000
  0.000
  0.000
  0.000
  0.000
  0.000
  0.000
  0.000
  0.000
  0.000
  0.000
  0.000
  0.000
  0.000
  0.000
  0.000
  0.000
  0.000
  0.000
  0.000
  0.000
  0.000
  0.000
  0.000
  0.000
  0.000
  0.000
  0.000
  0.000
  0.000
  0.000
  0.000
  0.000
  0.000
  0.000
  0.000
  0.000
  0.000
  0.000
  0.000
  0.000
  0.000
  0.000
  0.000
  0.000
  0.000
  0.000
  0.000
  0.000
  0.000
  0.000
  0.000
  0.000
  0.000
  0.000
  0.000
  0.000
  0.000
  0.000
  0.000
  0.000
  0.000
  0.000
  1.511
  0.000
  1.466
  1.445
  1.424
  1.403
  0.000
  2.726
  0.000
  0.000
  0.000
  0.000
  0.000
  0.000
  1.236
  0.000
  1.203
  3.561
  1.171
  3.467
  2.281
  1.126
  2.223
  1.097
  1.083
  2.139
  0.000
  0.000
  3.089
  1.017
  2.009
  1.985
  1.961
  0.969
  2.871
  0.946
  0.934
  0.000
  0.913
  0.000
  0.892
  0.881
  0.871
  0.000
  1.703
  0.842
  1.665
  1.647
  1.629
  0.805
  0.000
  0.788
  0.779
  0.000
  0.763
  0.755
  0.000
  0.000
  0.000
  0.000
  0.000
  0.000
  0.701
  0.694
  0.687
  0.000
  0.000
  0.000
  0.000
  0.653
  0.000
  1.281
  0.634
  2.513
  1.244
  0.616
  0.610
  0.000
  0.599
  1.779
  1.175
  0.000
  2.883
  0.571
  3.396
  0.561
  1.111
  1.652
  2.183
  1.081
  1.072
  1.593
  1.053
  2.087
  1.034
  0.513
  0.508
  1.007
  0.999
  1.980
  0.491
  0.973
  1.930
  1.913
  1.897
  0.941
  0.933
  2.312
  0.917
  0.455
  0.902
  2.237
  0.444
  1.320
  1.310
  0.000
  0.000
  1.278
  0.846
  0.419
  1.248
  0.826
  1.229
  0.813
  0.8070679E+02  0.8070679E+02
  0.000
  0.000
  0.000
  0.000
  0.000
  0.000
  0.000
  0.000
  0.000
  0.000
  0.000
  0.000
  0.000
  0.000
  0.000
  0.000
  0.000
259.801
 77.493
  0.000
  0.000
  0.000
  0.000
  0.000
  0.000
  0.000
  0.000
 35.075
 97.972
 30.481
 28.515
  0.000
  0.000
  0.000
  0.000
  0.000
  0.000
  0.000
  0.000
  0.000
  0.000
  0.000
  0.000
  0.000
  0.000
  0.000
  0.000
  0.000
  0.000
  0.000
  0.000
  0.000
  0.000
  0.000
  0.000
  0.000
  0.000
  0.000
  0.000
  0.000
  0.000
  0.000
  0.000
  0.000
  0.000
  0.000
  0.000
  0.000
  0.000
  0.000
  0.000
  0.000
  0.000
  0.000
  0.000
  0.000
  0.000
  0.000
  0.000
  0.000
  0.000
  0.000
  0.000
  0.000
  0.000
  0.000
  0.000
  0.000
  0.000
  0.000
  0.000
  0.000
  0.000
  0.000
  0.000
  0.000
  0.000
  0.000
  0.000
  0.000
  0.000
  0.000
  0.000
  0.000
  0.000
  0.000
  0.000
  0.000
  0.000
  0.000
  0.000
  0.000
  0.000
  0.000
  0.000
  0.000
  0.000
  0.000
  0.000
  0.000
  0.000
  0.000
  0.000
  0.000
  0.000
  0.000
  0.000
  0.000
  0.000
  0.000
  0.000
  0.000
  1.511
  0.000
  1.466
  2.890
  1.424
  0.000
  1.383
  1.363
  0.000
  0.000
  0.000
  0.000
  0.000
  0.000
  1.236
  0.000
  1.203
  2.374
  1.171
  3.467
  3.422
  1.126
  2.223
  1.097
  1.083
  1.069
  1.056
  1.043
  2.060
  1.017
  3.014
  0.000
  1.961
  1.937
  2.871
  0.946
  0.934
  0.000
  0.913
  0.000
  0.892
  0.881
  0.000
  0.861
  1.703
  0.842
  1.665
  1.647
  0.814
  1.611
  0.000
  0.788
  0.779
  0.000
  0.763
  0.755
  0.000
  0.000
  0.000
  0.000
  0.000
  0.000
  0.701
  0.000
  1.374
  0.000
  0.000
  0.000
  0.000
  0.653
  0.000
  1.281
  1.269
  1.256
  1.244
  0.616
  1.220
  0.604
  0.000
  1.186
  1.762
  1.164
  1.730
  0.571
  2.264
  1.682
  1.111
  2.202
  1.637
  1.081
  1.072
  1.593
  1.053
  2.087
  1.034
  0.513
  0.508
  1.007
  1.498
  1.980
  0.000
  1.460
  0.965
  2.392
  2.371
  0.470
  1.399
  1.850
  0.917
  0.455
  1.353
  1.342
  1.331
  0.880
  0.873
  0.433
  0.000
  0.852
  0.423
  1.678
  0.832
  1.238
  0.819
  0.813
