   1   5   1   0  0.2001796E+03  0.5000000E+02
  CAR 
 unknown system                          
   0   0   0
   1   1
 256 256 256
 256
  0.1000000E-09
  0.6250000E-11
  10
  0.2000000E-14  0.1014493E-08  0.1001183E-08  0.9859705E-09
  0.2900632E+02  0.2900632E+02
  0.000
  0.000
  0.000
  0.000
  0.000
  0.000
  0.000
  0.000
  0.000
  0.000
  0.000
  0.000
  0.000
  0.000
  0.000
  0.000
  0.000
340.797
  0.000
  0.000
  0.000
  0.000
  0.000
  0.000
  0.000
  0.000
  0.000
  0.000
160.644
 29.988
  0.000
  0.000
  0.000
  0.000
  0.000
  0.000
  0.000
  0.000
  0.000
  0.000
  0.000
  0.000
  0.000
  0.000
  0.000
  0.000
  0.000
  0.000
  0.000
  0.000
  0.000
  0.000
  0.000
  0.000
  0.000
  0.000
  0.000
  0.000
  0.000
  0.000
  0.000
  0.000
  0.000
  0.000
  0.000
  0.000
  0.000
  0.000
  0.000
  0.000
  0.000
  0.000
  0.000
  0.000
  0.000
  0.000
  0.000
  0.000
  0.000
  0.000
  0.000
  0.000
  0.000
  0.000
  0.000
  0.000
  0.000
  0.000
  0.000
  0.000
  0.000
  0.000
  0.000
  0.000
  0.000
  0.000
  0.000
  0.000
  0.000
  0.000
  0.000
  0.000
  0.000
  0.000
  0.000
  0.000
  0.000
  0.000
  0.000
  0.000
  0.000
  0.000
  0.000
  0.000
  0.000
  0.000
  0.000
  0.000
  0.000
  0.000
  0.000
  0.000
  0.000
  0.000
  0.000
  0.000
  0.000
  0.000
  0.000
  1.556
  0.000
  0.000
  0.000
  0.000
  0.000
  1.422
  1.401
  1.380
  0.000
  1.341
  0.000
  1.304
  1.285
  2.535
  2.500
  1.233
  0.000
  1.200
  1.184
  1.168
  1.152
  2.274
  1.122
  0.000
  0.000
  1.079
  0.000
  2.104
  3.117
  2.052
  1.013
  3.002
  0.988
  2.929
  0.000
  0.000
  1.883
  0.930
  1.838
  0.908
  1.796
  1.775
  0.877
  2.601
  0.000
  2.542
  0.838
  0.000
  0.000
  0.000
  0.801
  0.000
  0.000
  0.000
  0.767
  1.517
  1.501
  0.000
  0.735
  0.000
  0.000
  0.000
  0.000
  0.000
  0.000
  0.683
  0.000
  0.000
  0.000
  1.967
  0.000
  0.643
  0.636
  0.000
  0.624
  1.236
  1.224
  0.606
  1.201
  1.189
  1.767
  1.750
  0.578
  1.145
  1.134
  1.124
  1.670
  1.655
  1.093
  1.625
  2.684
  1.596
  1.054
  1.567
  1.554
  1.027
  0.000
  1.009
  1.000
  2.478
  1.474
  0.974
  0.966
  2.393
  0.000
  0.471
  1.400
  0.463
  3.212
  2.275
  0.451
  0.000
  0.888
  1.761
  0.437
  0.433
  1.289
  2.556
  0.423
  0.419
  0.000
  0.000
  0.819
  0.812
  1.612
  1.199
  0.6473041E+02  0.6473041E+02
  0.000
  0.000
  0.000
  0.000
  0.000
  0.000
  0.000
  0.000
  0.000
  0.000
  0.000
  0.000
  0.000
  0.000
  0.000
  0.000
  0.000
340.797
  0.000
  0.000
  0.000
  0.000
  0.000
  0.000
  0.000
  0.000
  0.000
  0.000
128.516
 59.976
  0.000
  0.000
  0.000
  0.000
  0.000
  0.000
  0.000
  0.000
  0.000
  0.000
  0.000
  0.000
  0.000
  0.000
  0.000
  0.000
  0.000
  0.000
  0.000
  0.000
  0.000
  0.000
  0.000
  0.000
  0.000
  0.000
  0.000
  0.000
  0.000
  0.000
  0.000
  0.000
  0.000
  0.000
  0.000
  0.000
  0.000
  0.000
  0.000
  0.000
  0.000
  0.000
  0.000
  0.000
  0.000
  0.000
  0.000
  0.000
  0.000
  0.000
  0.000
  0.000
  0.000
  0.000
  0.000
  0.000
  0.000
  0.000
  0.000
  0.000
  0.000
  0.000
  0.000
  0.000
  0.000
  0.000
  0.000
  0.000
  0.000
  0.000
  0.000
  0.000
  0.000
  0.000
  0.000
  0.000
  0.000
  0.000
  0.000
  0.000
  0.000
  0.000
  0.000
  0.000
  0.000
  0.000
  0.000
  0.000
  0.000
  0.000
  0.000
  0.000
  0.000
  0.000
  0.000
  0.000
  0.000
  0.000
  0.000
  1.556
  0.000
  0.000
  0.000
  0.000
  0.000
  1.422
  1.401
  1.380
  0.000
  1.341
  0.000
  1.304
  0.000
  2.535
  5.000
  0.000
  0.000
  1.200
  2.367
  0.000
  1.152
  2.274
  1.122
  0.000
  0.000
  1.079
  0.000
  2.104
  3.117
  2.052
  1.013
  3.002
  0.000
  3.905
  0.000
  0.000
  1.883
  0.930
  0.919
  1.817
  1.796
  1.775
  1.754
  0.867
  1.714
  1.695
  0.838
  0.000
  0.000
  0.810
  0.000
  0.000
  0.000
  0.000
  0.000
  2.275
  1.501
  0.000
  0.735
  0.000
  0.000
  0.000
  0.000
  0.000
  0.690
  0.000
  0.000
  0.000
  0.000
  1.312
  0.649
  1.286
  0.000
  0.000
  1.248
  0.618
  0.612
  0.606
  1.801
  0.595
  2.356
  1.750
  0.578
  1.145
  1.134
  1.124
  1.670
  1.103
  1.640
  1.625
  2.684
  2.128
  0.527
  1.567
  1.554
  1.027
  0.000
  1.009
  1.000
  1.487
  2.456
  0.974
  0.966
  2.393
  0.000
  0.471
  1.400
  0.000
  3.671
  1.820
  0.902
  0.448
  0.444
  2.201
  0.000
  0.433
  0.859
  2.982
  0.000
  0.419
  0.416
  0.000
  1.228
  0.812
  1.209
  1.199
  0.5247927E+02  0.5247927E+02
  0.000
  0.000
  0.000
  0.000
  0.000
  0.000
  0.000
  0.000
  0.000
  0.000
  0.000
  0.000
  0.000
  0.000
  0.000
  0.000
  0.000
170.398
152.479
  0.000
  0.000
  0.000
  0.000
  0.000
  0.000
  0.000
  0.000
  0.000
 96.387
 59.976
 28.054
  0.000
  0.000
  0.000
  0.000
  0.000
  0.000
  0.000
  0.000
  0.000
  0.000
  0.000
  0.000
  0.000
  0.000
  0.000
  0.000
  0.000
  0.000
  0.000
  0.000
  0.000
  0.000
  0.000
  0.000
  0.000
  0.000
  0.000
  0.000
  0.000
  0.000
  0.000
  0.000
  0.000
  0.000
  0.000
  0.000
  0.000
  0.000
  0.000
  0.000
  0.000
  0.000
  0.000
  0.000
  0.000
  0.000
  0.000
  0.000
  0.000
  0.000
  0.000
  0.000
  0.000
  0.000
  0.000
  0.000
  0.000
  0.000
  0.000
  0.000
  0.000
  0.000
  0.000
  0.000
  0.000
  0.000
  0.000
  0.000
  0.000
  0.000
  0.000
  0.000
  0.000
  0.000
  0.000
  0.000
  0.000
  0.000
  0.000
  0.000
  0.000
  0.000
  0.000
  0.000
  0.000
  0.000
  0.000
  0.000
  0.000
  0.000
  0.000
  0.000
  0.000
  0.000
  0.000
  0.000
  0.000
  0.000
  1.556
  0.000
  0.000
  0.000
  0.000
  1.443
  0.000
  1.401
  1.380
  0.000
  1.341
  0.000
  1.304
  0.000
  3.802
  2.500
  1.233
  1.216
  0.000
  2.367
  0.000
  1.152
  2.274
  1.122
  0.000
  0.000
  1.079
  1.066
  1.052
  5.194
  0.000
  1.013
  3.002
  0.000
  2.929
  0.964
  0.000
  1.883
  0.930
  0.919
  1.817
  0.898
  2.662
  1.754
  0.867
  1.714
  0.847
  0.838
  0.828
  0.000
  0.810
  0.000
  0.000
  0.000
  0.000
  0.000
  1.517
  1.501
  0.742
  0.735
  0.000
  0.000
  0.000
  0.000
  0.697
  0.000
  0.000
  0.000
  0.000
  0.662
  0.656
  0.649
  1.286
  0.000
  0.000
  1.248
  1.236
  0.000
  1.212
  1.201
  1.189
  2.945
  0.583
  1.156
  1.145
  0.000
  2.248
  1.670
  1.103
  1.093
  1.625
  2.684
  1.064
  1.054
  1.567
  1.554
  1.540
  0.000
  1.009
  1.500
  1.487
  2.456
  0.487
  0.483
  0.957
  1.898
  0.471
  1.400
  0.925
  3.671
  0.455
  1.354
  0.448
  0.888
  1.321
  0.437
  0.433
  0.859
  2.556
  0.423
  0.000
  0.832
  0.825
  0.819
  0.406
  0.806
  1.599
  0.1038186E+03  0.1038186E+03
  0.000
  0.000
  0.000
  0.000
  0.000
  0.000
  0.000
  0.000
  0.000
  0.000
  0.000
  0.000
  0.000
  0.000
  0.000
  0.000
  0.000
255.598
 76.240
  0.000
  0.000
  0.000
  0.000
  0.000
  0.000
  0.000
  0.000
  0.000
 64.258
119.951
  0.000
  0.000
  0.000
  0.000
  0.000
  0.000
  0.000
  0.000
  0.000
  0.000
  0.000
  0.000
  0.000
  0.000
  0.000
  0.000
  0.000
  0.000
  0.000
  0.000
  0.000
  0.000
  0.000
  0.000
  0.000
  0.000
  0.000
  0.000
  0.000
  0.000
  0.000
  0.000
  0.000
  0.000
  0.000
  0.000
  0.000
  0.000
  0.000
  0.000
  0.000
  0.000
  0.000
  0.000
  0.000
  0.000
  0.000
  0.000
  0.000
  0.000
  0.000
  0.000
  0.000
  0.000
  0.000
  0.000
  0.000
  0.000
  0.000
  0.000
  0.000
  0.000
  0.000
  0.000
  0.000
  0.000
  0.000
  0.000
  0.000
  0.000
  0.000
  0.000
  0.000
  0.000
  0.000
  0.000
  0.000
  0.000
  0.000
  0.000
  0.000
  0.000
  0.000
  0.000
  0.000
  0.000
  0.000
  0.000
  0.000
  0.000
  0.000
  0.000
  0.000
  0.000
  0.000
  0.000
  0.000
  0.000
  1.581
  0.000
  0.000
  0.000
  0.000
  0.000
  0.000
  1.422
  1.401
  0.000
  1.361
  1.341
  0.000
  1.304
  2.571
  0.000
  3.750
  1.233
  1.216
  0.000
  2.367
  0.000
  1.152
  1.137
  2.244
  0.000
  0.000
  1.079
  1.066
  1.052
  4.156
  1.026
  1.013
  2.001
  0.988
  2.929
  0.964
  0.000
  1.883
  1.860
  0.000
  1.817
  1.796
  1.775
  0.877
  1.734
  1.714
  0.847
  1.676
  0.000
  0.000
  0.810
  0.000
  0.000
  0.000
  0.000
  0.000
  1.517
  2.251
  0.742
  0.000
  0.000
  0.000
  0.000
  0.000
  0.697
  0.000
  0.000
  0.000
  0.000
  0.000
  1.312
  0.649
  1.286
  0.000
  0.630
  0.624
  0.618
  0.612
  0.606
  1.801
  1.784
  2.356
  0.583
  1.156
  1.145
  0.567
  1.124
  1.670
  2.207
  0.547
  1.625
  1.610
  2.660
  1.054
  1.045
  1.554
  1.540
  0.000
  0.504
  1.500
  2.478
  1.965
  0.487
  0.483
  0.957
  1.898
  0.471
  1.400
  1.388
  2.753
  0.910
  1.354
  0.448
  0.888
  0.880
  0.873
  0.433
  1.289
  1.704
  0.845
  0.000
  0.832
  0.000
  1.637
  0.406
  1.209
  0.800
  0.8557512E+02  0.8557512E+02
  0.000
  0.000
  0.000
  0.000
  0.000
  0.000
  0.000
  0.000
  0.000
  0.000
  0.000
  0.000
  0.000
  0.000
  0.000
  0.000
  0.000
340.797
  0.000
  0.000
  0.000
  0.000
  0.000
  0.000
  0.000
  0.000
  0.000
 69.015
128.516
  0.000
  0.000
  0.000
  0.000
  0.000
  0.000
  0.000
  0.000
  0.000
  0.000
  0.000
  0.000
  0.000
  0.000
  0.000
  0.000
  0.000
  0.000
  0.000
  0.000
  0.000
  0.000
  0.000
  0.000
  0.000
  0.000
  0.000
  0.000
  0.000
  0.000
  0.000
  0.000
  0.000
  0.000
  0.000
  0.000
  0.000
  0.000
  0.000
  0.000
  0.000
  0.000
  0.000
  0.000
  0.000
  0.000
  0.000
  0.000
  0.000
  0.000
  0.000
  0.000
  0.000
  0.000
  0.000
  0.000
  0.000
  0.000
  0.000
  0.000
  0.000
  0.000
  0.000
  0.000
  0.000
  0.000
  0.000
  0.000
  0.000
  0.000
  0.000
  0.000
  0.000
  0.000
  0.000
  0.000
  0.000
  0.000
  0.000
  0.000
  0.000
  0.000
  0.000
  0.000
  0.000
  0.000
  0.000
  0.000
  0.000
  0.000
  0.000
  0.000
  0.000
  0.000
  0.000
  0.000
  0.000
  0.000
  0.000
  0.000
  1.556
  0.000
  0.000
  0.000
  0.000
  0.000
  0.000
  1.401
  1.380
  1.361
  1.341
  0.000
  1.304
  1.285
  1.267
  2.500
  2.466
  1.216
  0.000
  1.184
  1.168
  0.000
  1.137
  2.244
  1.108
  0.000
  1.079
  1.066
  1.052
  4.156
  2.052
  0.000
  3.002
  0.988
  2.929
  0.000
  0.953
  0.941
  1.860
  0.919
  1.817
  0.898
  1.775
  1.754
  1.734
  0.857
  1.695
  0.838
  0.000
  0.000
  0.810
  0.000
  0.000
  0.000
  0.775
  0.767
  0.758
  1.501
  0.742
  0.000
  0.000
  0.000
  0.000
  0.000
  0.000
  0.000
  0.683
  0.000
  0.000
  0.000
  1.312
  0.000
  1.928
  0.000
  0.630
  0.000
  0.618
  1.224
  0.606
  0.600
  1.189
  3.534
  1.167
  0.578
  1.145
  1.134
  1.124
  1.114
  2.759
  0.000
  2.709
  0.537
  3.192
  1.054
  1.045
  1.036
  1.540
  0.509
  1.009
  0.500
  2.973
  1.965
  0.487
  0.483
  1.915
  0.949
  0.471
  1.400
  1.388
  3.212
  1.365
  0.451
  0.448
  1.331
  0.880
  0.873
  0.433
  1.289
  2.130
  0.423
  0.000
  0.416
  0.000
  0.819
  1.625
  1.209
  0.400
  0.5946126E+02  0.5946126E+02
  0.000
  0.000
  0.000
  0.000
  0.000
  0.000
  0.000
  0.000
  0.000
  0.000
  0.000
  0.000
  0.000
  0.000
  0.000
  0.000
 95.836
255.598
  0.000
  0.000
  0.000
  0.000
  0.000
  0.000
  0.000
  0.000
 37.161
103.523
 64.258
  0.000
  0.000
  0.000
  0.000
  0.000
  0.000
  0.000
  0.000
  0.000
  0.000
  0.000
  0.000
  0.000
  0.000
  0.000
  0.000
  0.000
  0.000
  0.000
  0.000
  0.000
  0.000
  0.000
  0.000
  0.000
  0.000
  0.000
  0.000
  0.000
  0.000
  0.000
  0.000
  0.000
  0.000
  0.000
  0.000
  0.000
  0.000
  0.000
  0.000
  0.000
  0.000
  0.000
  0.000
  0.000
  0.000
  0.000
  0.000
  0.000
  0.000
  0.000
  0.000
  0.000
  0.000
  0.000
  0.000
  0.000
  0.000
  0.000
  0.000
  0.000
  0.000
  0.000
  0.000
  0.000
  0.000
  0.000
  0.000
  0.000
  0.000
  0.000
  0.000
  0.000
  0.000
  0.000
  0.000
  0.000
  0.000
  0.000
  0.000
  0.000
  0.000
  0.000
  0.000
  0.000
  0.000
  0.000
  0.000
  0.000
  0.000
  0.000
  0.000
  0.000
  0.000
  0.000
  0.000
  0.000
  0.000
  0.000
  0.000
  1.556
  0.000
  0.000
  0.000
  0.000
  0.000
  0.000
  0.000
  1.380
  2.721
  1.341
  0.000
  1.304
  0.000
  2.535
  1.250
  3.698
  1.216
  1.200
  0.000
  1.168
  0.000
  1.137
  2.244
  1.108
  0.000
  1.079
  1.066
  1.052
  2.078
  4.104
  0.000
  3.002
  0.988
  2.929
  0.000
  0.953
  0.941
  1.860
  0.919
  1.817
  1.796
  1.775
  2.631
  0.867
  0.000
  2.542
  0.000
  0.000
  0.000
  0.810
  0.000
  0.000
  0.000
  0.775
  1.533
  0.758
  0.750
  0.742
  0.000
  0.000
  0.000
  0.000
  0.000
  0.000
  0.000
  0.683
  0.000
  0.000
  0.000
  0.656
  0.649
  0.643
  1.273
  0.000
  0.624
  0.618
  1.224
  0.000
  1.201
  0.595
  2.356
  2.334
  1.156
  1.145
  0.567
  1.124
  1.670
  2.759
  0.000
  3.250
  0.537
  3.192
  0.527
  1.045
  1.036
  1.540
  0.509
  1.513
  1.500
  1.487
  1.965
  0.487
  0.483
  1.915
  0.949
  0.471
  1.400
  2.314
  2.294
  1.365
  0.451
  0.895
  0.888
  1.321
  0.437
  0.866
  1.718
  1.278
  0.423
  0.000
  0.416
  0.413
  0.000
  1.625
  1.612
  0.400
  0.1752236E+03  0.1752236E+03
  0.000
  0.000
  0.000
  0.000
  0.000
  0.000
  0.000
  0.000
  0.000
  0.000
  0.000
  0.000
  0.000
  0.000
  0.000
  0.000
 95.836
255.598
  0.000
  0.000
  0.000
  0.000
  0.000
  0.000
  0.000
  0.000
  0.000
 69.015
128.516
  0.000
  0.000
  0.000
  0.000
  0.000
  0.000
  0.000
  0.000
  0.000
  0.000
  0.000
  0.000
  0.000
  0.000
  0.000
  0.000
  0.000
  0.000
  0.000
  0.000
  0.000
  0.000
  0.000
  0.000
  0.000
  0.000
  0.000
  0.000
  0.000
  0.000
  0.000
  0.000
  0.000
  0.000
  0.000
  0.000
  0.000
  0.000
  0.000
  0.000
  0.000
  0.000
  0.000
  0.000
  0.000
  0.000
  0.000
  0.000
  0.000
  0.000
  0.000
  0.000
  0.000
  0.000
  0.000
  0.000
  0.000
  0.000
  0.000
  0.000
  0.000
  0.000
  0.000
  0.000
  0.000
  0.000
  0.000
  0.000
  0.000
  0.000
  0.000
  0.000
  0.000
  0.000
  0.000
  0.000
  0.000
  0.000
  0.000
  0.000
  0.000
  0.000
  0.000
  0.000
  0.000
  0.000
  0.000
  0.000
  0.000
  0.000
  0.000
  0.000
  0.000
  0.000
  0.000
  0.000
  0.000
  0.000
  0.000
  0.000
  1.556
  0.000
  0.000
  0.000
  0.000
  0.000
  0.000
  1.401
  1.380
  1.361
  1.341
  0.000
  1.304
  1.285
  1.267
  1.250
  3.698
  1.216
  1.200
  1.184
  0.000
  0.000
  2.274
  0.000
  2.215
  0.000
  1.079
  1.066
  0.000
  3.117
  4.104
  0.000
  3.002
  1.977
  1.953
  0.000
  0.953
  0.941
  1.860
  0.919
  0.908
  1.796
  2.662
  0.877
  2.601
  0.857
  0.847
  0.838
  0.000
  0.000
  0.810
  0.000
  0.000
  0.000
  0.000
  1.533
  1.517
  0.750
  0.742
  0.000
  0.000
  0.000
  0.000
  0.000
  0.000
  0.690
  0.000
  0.000
  0.000
  0.000
  1.312
  0.000
  0.643
  1.273
  0.000
  0.624
  0.618
  1.224
  0.000
  1.801
  0.595
  2.945
  1.750
  0.578
  1.145
  1.134
  0.000
  2.784
  2.207
  0.547
  2.709
  1.074
  2.128
  1.054
  1.045
  1.036
  1.027
  1.017
  1.513
  1.500
  1.487
  2.456
  0.000
  0.966
  0.957
  1.424
  0.471
  0.467
  2.314
  3.671
  0.910
  0.902
  0.000
  1.331
  1.321
  0.437
  0.000
  2.148
  1.704
  0.000
  0.419
  0.416
  0.413
  0.409
  1.625
  1.209
  0.800
  0.1506343E+03  0.1506343E+03
  0.000
  0.000
  0.000
  0.000
  0.000
  0.000
  0.000
  0.000
  0.000
  0.000
  0.000
  0.000
  0.000
  0.000
  0.000
  0.000
  0.000
 85.199
228.719
  0.000
  0.000
  0.000
  0.000
  0.000
  0.000
  0.000
  0.000
  0.000
 96.387
 59.976
 28.054
  0.000
  0.000
  0.000
  0.000
  0.000
  0.000
  0.000
  0.000
  0.000
  0.000
  0.000
  0.000
  0.000
  0.000
  0.000
  0.000
  0.000
  0.000
  0.000
  0.000
  0.000
  0.000
  0.000
  0.000
  0.000
  0.000
  0.000
  0.000
  0.000
  0.000
  0.000
  0.000
  0.000
  0.000
  0.000
  0.000
  0.000
  0.000
  0.000
  0.000
  0.000
  0.000
  0.000
  0.000
  0.000
  0.000
  0.000
  0.000
  0.000
  0.000
  0.000
  0.000
  0.000
  0.000
  0.000
  0.000
  0.000
  0.000
  0.000
  0.000
  0.000
  0.000
  0.000
  0.000
  0.000
  0.000
  0.000
  0.000
  0.000
  0.000
  0.000
  0.000
  0.000
  0.000
  0.000
  0.000
  0.000
  0.000
  0.000
  0.000
  0.000
  0.000
  0.000
  0.000
  0.000
  0.000
  0.000
  0.000
  0.000
  0.000
  0.000
  0.000
  0.000
  0.000
  0.000
  0.000
  0.000
  0.000
  1.556
  0.000
  0.000
  0.000
  0.000
  1.443
  0.000
  1.401
  1.380
  0.000
  1.341
  0.000
  1.304
  1.285
  1.267
  2.500
  2.466
  1.216
  2.399
  0.000
  0.000
  1.152
  1.137
  2.244
  0.000
  1.093
  0.000
  1.066
  0.000
  3.117
  4.104
  1.013
  2.001
  1.977
  0.976
  0.964
  0.000
  1.883
  0.000
  1.838
  0.908
  0.898
  3.549
  0.877
  2.601
  0.857
  0.847
  0.838
  0.828
  0.000
  0.810
  0.000
  0.000
  0.000
  0.000
  0.000
  1.517
  0.750
  1.485
  0.735
  0.000
  0.000
  0.000
  0.000
  0.697
  0.000
  0.000
  0.000
  0.669
  0.662
  0.000
  0.649
  1.286
  0.000
  0.630
  0.624
  0.618
  0.612
  1.212
  1.201
  0.595
  2.356
  2.334
  1.156
  0.573
  0.567
  0.562
  2.227
  2.207
  0.547
  3.250
  1.074
  1.064
  1.582
  1.045
  1.036
  1.027
  0.509
  1.009
  1.999
  1.487
  2.947
  0.000
  0.966
  0.479
  0.949
  1.412
  0.467
  1.388
  2.753
  1.820
  1.354
  0.448
  0.888
  0.440
  1.310
  0.433
  1.289
  1.704
  0.845
  0.000
  0.832
  0.413
  1.637
  0.000
  0.806
  1.599
  0.2273593E+03  0.2273593E+03
  0.000
  0.000
  0.000
  0.000
  0.000
  0.000
  0.000
  0.000
  0.000
  0.000
  0.000
  0.000
  0.000
  0.000
  0.000
  0.000
  0.000
 85.199
228.719
  0.000
  0.000
  0.000
  0.000
  0.000
  0.000
  0.000
  0.000
  0.000
 64.258
 89.963
 28.054
  0.000
  0.000
  0.000
  0.000
  0.000
  0.000
  0.000
  0.000
  0.000
  0.000
  0.000
  0.000
  0.000
  0.000
  0.000
  0.000
  0.000
  0.000
  0.000
  0.000
  0.000
  0.000
  0.000
  0.000
  0.000
  0.000
  0.000
  0.000
  0.000
  0.000
  0.000
  0.000
  0.000
  0.000
  0.000
  0.000
  0.000
  0.000
  0.000
  0.000
  0.000
  0.000
  0.000
  0.000
  0.000
  0.000
  0.000
  0.000
  0.000
  0.000
  0.000
  0.000
  0.000
  0.000
  0.000
  0.000
  0.000
  0.000
  0.000
  0.000
  0.000
  0.000
  0.000
  0.000
  0.000
  0.000
  0.000
  0.000
  0.000
  0.000
  0.000
  0.000
  0.000
  0.000
  0.000
  0.000
  0.000
  0.000
  0.000
  0.000
  0.000
  0.000
  0.000
  0.000
  0.000
  0.000
  0.000
  0.000
  0.000
  0.000
  0.000
  0.000
  0.000
  0.000
  0.000
  0.000
  0.000
  0.000
  1.556
  0.000
  0.000
  0.000
  1.464
  0.000
  0.000
  1.401
  1.380
  1.361
  0.000
  0.000
  1.304
  1.285
  1.267
  3.750
  1.233
  0.000
  1.200
  2.367
  0.000
  1.152
  1.137
  2.244
  0.000
  1.093
  0.000
  1.066
  0.000
  3.117
  2.052
  4.053
  2.001
  0.988
  0.976
  0.964
  0.000
  0.941
  1.860
  0.919
  0.908
  1.796
  3.549
  0.877
  1.734
  0.000
  1.695
  0.838
  0.828
  0.000
  0.810
  0.000
  0.000
  0.000
  0.000
  0.000
  2.275
  0.000
  1.485
  0.735
  0.000
  0.000
  0.000
  0.000
  0.000
  0.690
  0.000
  0.000
  0.669
  0.662
  0.656
  0.000
  1.286
  0.000
  0.630
  0.624
  0.618
  0.612
  2.425
  0.000
  0.595
  2.356
  1.750
  2.312
  0.000
  0.567
  1.124
  2.227
  1.655
  2.187
  1.625
  1.610
  1.064
  1.054
  1.045
  1.554
  0.513
  0.000
  2.017
  1.500
  1.982
  1.965
  0.487
  0.966
  0.957
  1.424
  0.471
  0.000
  1.388
  1.835
  3.640
  0.451
  0.448
  1.331
  0.440
  1.310
  0.433
  2.148
  0.852
  0.845
  0.000
  0.832
  0.825
  0.819
  0.812
  0.000
  1.199
  0.1351482E+03  0.1351482E+03
  0.000
  0.000
  0.000
  0.000
  0.000
  0.000
  0.000
  0.000
  0.000
  0.000
  0.000
  0.000
  0.000
  0.000
  0.000
  0.000
 95.836
170.398
 76.240
  0.000
  0.000
  0.000
  0.000
  0.000
  0.000
  0.000
 37.161
  0.000
 64.258
 59.976
 28.054
  0.000
  0.000
  0.000
  0.000
  0.000
  0.000
  0.000
  0.000
  0.000
  0.000
  0.000
  0.000
  0.000
  0.000
  0.000
  0.000
  0.000
  0.000
  0.000
  0.000
  0.000
  0.000
  0.000
  0.000
  0.000
  0.000
  0.000
  0.000
  0.000
  0.000
  0.000
  0.000
  0.000
  0.000
  0.000
  0.000
  0.000
  0.000
  0.000
  0.000
  0.000
  0.000
  0.000
  0.000
  0.000
  0.000
  0.000
  0.000
  0.000
  0.000
  0.000
  0.000
  0.000
  0.000
  0.000
  0.000
  0.000
  0.000
  0.000
  0.000
  0.000
  0.000
  0.000
  0.000
  0.000
  0.000
  0.000
  0.000
  0.000
  0.000
  0.000
  0.000
  0.000
  0.000
  0.000
  0.000
  0.000
  0.000
  0.000
  0.000
  0.000
  0.000
  0.000
  0.000
  0.000
  0.000
  0.000
  0.000
  0.000
  0.000
  0.000
  0.000
  0.000
  0.000
  0.000
  0.000
  0.000
  0.000
  0.000
  0.000
  1.509
  0.000
  0.000
  1.443
  0.000
  1.401
  1.380
  1.361
  0.000
  0.000
  1.304
  1.285
  3.802
  1.250
  0.000
  0.000
  2.399
  0.000
  2.335
  1.152
  1.137
  1.122
  1.108
  0.000
  1.079
  1.066
  2.104
  0.000
  3.078
  4.053
  3.002
  0.000
  0.976
  0.964
  0.000
  0.941
  1.860
  0.919
  2.725
  2.693
  1.775
  0.000
  1.734
  0.000
  2.542
  0.000
  0.828
  0.000
  0.000
  0.801
  0.000
  0.000
  0.000
  0.767
  1.517
  0.750
  0.742
  0.735
  0.000
  0.000
  0.000
  0.000
  0.000
  0.000
  0.000
  0.676
  0.669
  0.000
  1.312
  0.000
  0.643
  0.636
  0.000
  1.248
  0.000
  1.224
  1.819
  0.600
  0.000
  0.589
  3.501
  1.734
  1.145
  0.567
  1.124
  1.670
  1.655
  2.733
  2.167
  0.537
  1.596
  1.054
  1.045
  1.554
  0.513
  0.509
  1.513
  1.999
  1.487
  1.965
  0.487
  1.931
  0.957
  0.475
  0.471
  0.000
  2.314
  1.835
  1.365
  1.805
  0.895
  1.331
  0.440
  1.310
  1.299
  0.430
  2.130
  0.423
  0.000
  0.416
  0.413
  0.819
  0.406
  1.209
  0.800
