   1   5   1   0  0.1929145E+03  0.5000000E+02
  CAR 
 unknown system                          
   0   0   0
   1   1
 256 256 256
 256
  0.1000000E-09
  0.6250000E-11
  10
  0.2000000E-14  0.9758886E-09  0.1004070E-08  0.9844120E-09
  0.1155729E+03  0.1155729E+03
  0.000
  0.000
  0.000
  0.000
  0.000
  0.000
  0.000
  0.000
  0.000
  0.000
  0.000
  0.000
  0.000
  0.000
  0.000
  0.000
  0.000
328.428
  0.000
  0.000
  0.000
  0.000
  0.000
  0.000
  0.000
  0.000
  0.000
  0.000
185.777
  0.000
  0.000
  0.000
  0.000
  0.000
  0.000
  0.000
  0.000
  0.000
  0.000
  0.000
  0.000
  0.000
  0.000
  0.000
  0.000
  0.000
  0.000
  0.000
  0.000
  0.000
  0.000
  0.000
  0.000
  0.000
  0.000
  0.000
  0.000
  0.000
  0.000
  0.000
  0.000
  0.000
  0.000
  0.000
  0.000
  0.000
  0.000
  0.000
  0.000
  0.000
  0.000
  0.000
  0.000
  0.000
  0.000
  0.000
  0.000
  0.000
  0.000
  0.000
  0.000
  0.000
  0.000
  0.000
  0.000
  0.000
  0.000
  0.000
  0.000
  0.000
  0.000
  0.000
  0.000
  0.000
  0.000
  0.000
  0.000
  0.000
  0.000
  0.000
  0.000
  0.000
  0.000
  0.000
  0.000
  0.000
  0.000
  0.000
  0.000
  0.000
  0.000
  0.000
  0.000
  0.000
  0.000
  0.000
  0.000
  0.000
  0.000
  0.000
  0.000
  0.000
  0.000
  0.000
  0.000
  0.000
  0.000
  0.000
  0.000
  1.500
  0.000
  0.000
  1.433
  0.000
  1.390
  1.370
  1.350
  1.330
  0.000
  1.292
  0.000
  0.000
  0.000
  2.443
  3.614
  0.000
  0.000
  2.312
  1.141
  1.125
  0.000
  3.288
  1.082
  2.135
  0.000
  1.040
  1.027
  3.042
  0.000
  3.955
  3.906
  0.964
  1.905
  0.941
  1.859
  0.000
  0.000
  0.000
  0.000
  0.875
  0.865
  1.710
  2.536
  0.836
  2.478
  0.000
  1.615
  0.798
  0.000
  0.781
  0.000
  0.764
  0.000
  0.000
  0.000
  1.462
  0.723
  0.000
  0.000
  0.000
  0.000
  0.000
  0.000
  0.000
  0.000
  0.000
  1.303
  1.934
  0.000
  0.000
  0.626
  0.619
  0.000
  0.607
  1.804
  1.191
  0.590
  0.584
  4.050
  1.719
  0.568
  1.125
  0.557
  0.552
  2.187
  1.083
  2.683
  1.595
  2.107
  0.522
  1.035
  1.025
  0.508
  1.511
  0.499
  1.484
  0.490
  3.402
  1.445
  0.955
  1.894
  0.469
  1.861
  1.384
  0.915
  1.814
  1.799
  0.892
  0.000
  0.438
  1.739
  0.863
  0.855
  0.424
  1.262
  0.835
  0.828
  1.232
  0.407
  0.404
  0.401
  1.193
  0.000
  1.174
  0.388
  0.000
  0.1619716E+03  0.1619716E+03
  0.000
  0.000
  0.000
  0.000
  0.000
  0.000
  0.000
  0.000
  0.000
  0.000
  0.000
  0.000
  0.000
  0.000
  0.000
  0.000
  0.000
246.321
 73.473
  0.000
  0.000
  0.000
  0.000
  0.000
  0.000
  0.000
  0.000
  0.000
 61.926
115.598
  0.000
  0.000
  0.000
  0.000
  0.000
  0.000
  0.000
  0.000
  0.000
  0.000
  0.000
  0.000
  0.000
  0.000
  0.000
  0.000
  0.000
  0.000
  0.000
  0.000
  0.000
  0.000
  0.000
  0.000
  0.000
  0.000
  0.000
  0.000
  0.000
  0.000
  0.000
  0.000
  0.000
  0.000
  0.000
  0.000
  0.000
  0.000
  0.000
  0.000
  0.000
  0.000
  0.000
  0.000
  0.000
  0.000
  0.000
  0.000
  0.000
  0.000
  0.000
  0.000
  0.000
  0.000
  0.000
  0.000
  0.000
  0.000
  0.000
  0.000
  0.000
  0.000
  0.000
  0.000
  0.000
  0.000
  0.000
  0.000
  0.000
  0.000
  0.000
  0.000
  0.000
  0.000
  0.000
  0.000
  0.000
  0.000
  0.000
  0.000
  0.000
  0.000
  0.000
  0.000
  0.000
  0.000
  0.000
  0.000
  0.000
  0.000
  0.000
  0.000
  0.000
  0.000
  0.000
  0.000
  0.000
  0.000
  1.523
  0.000
  0.000
  1.455
  0.000
  1.411
  1.390
  0.000
  2.700
  0.000
  1.311
  0.000
  0.000
  0.000
  1.239
  1.221
  3.614
  0.000
  1.172
  1.156
  0.000
  2.251
  1.110
  3.288
  1.082
  1.067
  1.054
  0.000
  1.027
  2.028
  3.004
  1.977
  2.929
  1.929
  1.905
  0.000
  2.788
  0.000
  0.000
  0.000
  0.000
  0.000
  0.865
  2.565
  0.845
  0.836
  2.478
  1.633
  0.807
  0.798
  0.789
  0.000
  0.772
  0.764
  0.000
  0.000
  0.000
  0.000
  1.446
  0.715
  0.000
  0.000
  0.000
  0.000
  0.000
  0.000
  0.000
  0.658
  1.954
  0.645
  0.000
  0.632
  0.626
  0.619
  0.000
  0.000
  3.007
  0.596
  0.000
  2.921
  2.893
  0.573
  1.703
  0.000
  0.000
  2.759
  0.547
  2.166
  1.610
  1.063
  2.107
  1.044
  1.552
  0.513
  0.508
  1.007
  0.998
  0.495
  1.961
  1.944
  1.927
  1.433
  0.473
  1.877
  0.931
  2.307
  0.457
  1.814
  1.799
  0.892
  0.442
  0.000
  1.305
  1.294
  0.428
  0.848
  0.421
  1.669
  1.242
  0.821
  0.815
  0.404
  0.802
  0.398
  0.789
  0.783
  0.388
  0.385
  0.9772630E+02  0.9772630E+02
  0.000
  0.000
  0.000
  0.000
  0.000
  0.000
  0.000
  0.000
  0.000
  0.000
  0.000
  0.000
  0.000
  0.000
  0.000
  0.000
  0.000
164.214
146.945
  0.000
  0.000
  0.000
  0.000
  0.000
  0.000
  0.000
  0.000
  0.000
 30.963
 86.698
 54.071
  0.000
  0.000
  0.000
  0.000
  0.000
  0.000
  0.000
  0.000
  0.000
  0.000
  0.000
  0.000
  0.000
  0.000
  0.000
  0.000
  0.000
  0.000
  0.000
  0.000
  0.000
  0.000
  0.000
  0.000
  0.000
  0.000
  0.000
  0.000
  0.000
  0.000
  0.000
  0.000
  0.000
  0.000
  0.000
  0.000
  0.000
  0.000
  0.000
  0.000
  0.000
  0.000
  0.000
  0.000
  0.000
  0.000
  0.000
  0.000
  0.000
  0.000
  0.000
  0.000
  0.000
  0.000
  0.000
  0.000
  0.000
  0.000
  0.000
  0.000
  0.000
  0.000
  0.000
  0.000
  0.000
  0.000
  0.000
  0.000
  0.000
  0.000
  0.000
  0.000
  0.000
  0.000
  0.000
  0.000
  0.000
  0.000
  0.000
  0.000
  0.000
  0.000
  0.000
  0.000
  0.000
  0.000
  0.000
  0.000
  0.000
  0.000
  0.000
  0.000
  0.000
  0.000
  0.000
  0.000
  0.000
  0.000
  1.500
  1.477
  0.000
  1.433
  0.000
  1.390
  0.000
  2.700
  1.330
  0.000
  0.000
  0.000
  0.000
  2.477
  0.000
  2.409
  1.188
  0.000
  1.156
  1.141
  3.376
  1.110
  2.192
  1.082
  0.000
  2.107
  1.040
  0.000
  2.028
  3.004
  1.977
  1.953
  2.893
  0.953
  0.941
  1.859
  0.918
  0.000
  0.000
  0.000
  0.000
  1.730
  1.710
  0.845
  0.836
  2.478
  0.817
  1.615
  0.798
  0.789
  0.000
  0.000
  0.764
  0.755
  0.000
  0.000
  0.731
  0.723
  0.000
  0.708
  0.000
  0.000
  0.000
  0.000
  0.000
  0.000
  1.316
  1.303
  0.645
  0.638
  0.000
  0.626
  0.619
  0.000
  1.215
  1.203
  1.191
  1.180
  1.753
  2.314
  1.719
  1.135
  0.000
  0.557
  2.207
  1.093
  1.083
  1.073
  2.658
  2.107
  0.522
  1.552
  0.513
  1.016
  0.504
  1.497
  0.495
  1.471
  1.944
  1.445
  1.910
  0.000
  1.877
  0.931
  1.845
  1.372
  0.907
  2.248
  1.338
  0.000
  0.438
  1.739
  0.431
  0.855
  0.848
  0.841
  0.835
  1.656
  0.821
  0.407
  1.212
  0.000
  0.795
  0.789
  0.391
  0.777
  0.385
  0.1615448E+03  0.1615448E+03
  0.000
  0.000
  0.000
  0.000
  0.000
  0.000
  0.000
  0.000
  0.000
  0.000
  0.000
  0.000
  0.000
  0.000
  0.000
  0.000
  0.000
246.321
 73.473
  0.000
  0.000
  0.000
  0.000
  0.000
  0.000
  0.000
  0.000
 33.255
 61.926
 86.698
  0.000
  0.000
  0.000
  0.000
  0.000
  0.000
  0.000
  0.000
  0.000
  0.000
  0.000
  0.000
  0.000
  0.000
  0.000
  0.000
  0.000
  0.000
  0.000
  0.000
  0.000
  0.000
  0.000
  0.000
  0.000
  0.000
  0.000
  0.000
  0.000
  0.000
  0.000
  0.000
  0.000
  0.000
  0.000
  0.000
  0.000
  0.000
  0.000
  0.000
  0.000
  0.000
  0.000
  0.000
  0.000
  0.000
  0.000
  0.000
  0.000
  0.000
  0.000
  0.000
  0.000
  0.000
  0.000
  0.000
  0.000
  0.000
  0.000
  0.000
  0.000
  0.000
  0.000
  0.000
  0.000
  0.000
  0.000
  0.000
  0.000
  0.000
  0.000
  0.000
  0.000
  0.000
  0.000
  0.000
  0.000
  0.000
  0.000
  0.000
  0.000
  0.000
  0.000
  0.000
  0.000
  0.000
  0.000
  0.000
  0.000
  0.000
  0.000
  0.000
  0.000
  0.000
  0.000
  0.000
  0.000
  0.000
  0.000
  0.000
  1.477
  1.455
  0.000
  1.411
  1.390
  0.000
  0.000
  3.991
  0.000
  0.000
  0.000
  0.000
  2.477
  0.000
  2.409
  1.188
  0.000
  1.156
  0.000
  4.501
  1.110
  1.096
  1.082
  2.135
  1.054
  1.040
  1.027
  1.014
  3.004
  1.977
  2.929
  1.929
  0.953
  0.941
  1.859
  0.918
  0.000
  0.000
  0.000
  0.875
  1.730
  1.710
  0.845
  0.836
  1.652
  1.633
  1.615
  0.798
  0.000
  0.000
  0.772
  0.000
  0.755
  0.000
  0.739
  0.731
  0.000
  0.715
  0.000
  0.000
  0.000
  0.000
  0.000
  0.000
  0.000
  0.658
  0.651
  0.645
  1.915
  0.000
  0.626
  0.000
  0.000
  1.822
  1.203
  0.000
  1.180
  1.753
  1.157
  3.438
  1.135
  0.562
  0.557
  2.759
  0.547
  0.542
  1.610
  2.658
  2.107
  0.522
  2.069
  0.513
  0.508
  0.504
  0.998
  1.484
  1.471
  1.458
  0.963
  1.910
  1.420
  0.939
  1.861
  1.384
  1.372
  0.907
  1.799
  1.338
  0.442
  1.315
  0.870
  0.431
  0.855
  1.273
  0.421
  1.252
  1.242
  0.411
  0.815
  0.000
  1.202
  0.398
  0.789
  0.783
  0.000
  0.771
  0.1344701E+03  0.1344701E+03
  0.000
  0.000
  0.000
  0.000
  0.000
  0.000
  0.000
  0.000
  0.000
  0.000
  0.000
  0.000
  0.000
  0.000
  0.000
  0.000
  0.000
246.321
 73.473
  0.000
  0.000
  0.000
  0.000
  0.000
  0.000
  0.000
  0.000
 66.511
 61.926
 57.799
  0.000
  0.000
  0.000
  0.000
  0.000
  0.000
  0.000
  0.000
  0.000
  0.000
  0.000
  0.000
  0.000
  0.000
  0.000
  0.000
  0.000
  0.000
  0.000
  0.000
  0.000
  0.000
  0.000
  0.000
  0.000
  0.000
  0.000
  0.000
  0.000
  0.000
  0.000
  0.000
  0.000
  0.000
  0.000
  0.000
  0.000
  0.000
  0.000
  0.000
  0.000
  0.000
  0.000
  0.000
  0.000
  0.000
  0.000
  0.000
  0.000
  0.000
  0.000
  0.000
  0.000
  0.000
  0.000
  0.000
  0.000
  0.000
  0.000
  0.000
  0.000
  0.000
  0.000
  0.000
  0.000
  0.000
  0.000
  0.000
  0.000
  0.000
  0.000
  0.000
  0.000
  0.000
  0.000
  0.000
  0.000
  0.000
  0.000
  0.000
  0.000
  0.000
  0.000
  0.000
  0.000
  0.000
  0.000
  0.000
  0.000
  0.000
  0.000
  0.000
  0.000
  0.000
  0.000
  0.000
  0.000
  0.000
  0.000
  0.000
  1.477
  1.455
  0.000
  0.000
  2.781
  0.000
  0.000
  1.330
  1.311
  1.292
  0.000
  1.256
  1.239
  0.000
  2.409
  0.000
  1.172
  0.000
  3.422
  1.125
  3.331
  0.000
  2.163
  1.067
  2.107
  0.000
  2.054
  0.000
  3.004
  1.977
  1.953
  0.964
  2.858
  0.941
  0.929
  1.837
  0.000
  0.000
  0.000
  2.626
  0.000
  1.710
  1.691
  0.836
  0.826
  0.817
  3.230
  0.000
  0.000
  0.781
  0.000
  0.764
  0.000
  0.000
  0.739
  0.731
  0.000
  0.715
  0.000
  0.000
  0.000
  0.000
  0.000
  0.000
  0.000
  0.000
  1.303
  0.645
  0.638
  1.264
  0.626
  0.000
  0.000
  1.215
  1.804
  0.000
  1.770
  0.584
  2.314
  2.865
  0.000
  1.125
  1.114
  1.655
  2.187
  0.000
  2.146
  1.063
  2.107
  1.566
  1.035
  1.538
  0.508
  0.504
  0.998
  1.979
  1.471
  0.486
  1.445
  1.910
  1.894
  0.939
  2.326
  0.923
  1.372
  0.907
  0.899
  1.784
  0.884
  0.877
  0.435
  1.725
  0.428
  0.424
  0.421
  2.087
  0.414
  1.232
  0.407
  0.808
  0.401
  0.795
  0.000
  1.174
  0.000
  0.385
  0.1005141E+03  0.1005141E+03
  0.000
  0.000
  0.000
  0.000
  0.000
  0.000
  0.000
  0.000
  0.000
  0.000
  0.000
  0.000
  0.000
  0.000
  0.000
  0.000
 92.358
164.214
 73.473
  0.000
  0.000
  0.000
  0.000
  0.000
  0.000
  0.000
  0.000
 33.255
 92.889
 57.799
  0.000
  0.000
  0.000
  0.000
  0.000
  0.000
  0.000
  0.000
  0.000
  0.000
  0.000
  0.000
  0.000
  0.000
  0.000
  0.000
  0.000
  0.000
  0.000
  0.000
  0.000
  0.000
  0.000
  0.000
  0.000
  0.000
  0.000
  0.000
  0.000
  0.000
  0.000
  0.000
  0.000
  0.000
  0.000
  0.000
  0.000
  0.000
  0.000
  0.000
  0.000
  0.000
  0.000
  0.000
  0.000
  0.000
  0.000
  0.000
  0.000
  0.000
  0.000
  0.000
  0.000
  0.000
  0.000
  0.000
  0.000
  0.000
  0.000
  0.000
  0.000
  0.000
  0.000
  0.000
  0.000
  0.000
  0.000
  0.000
  0.000
  0.000
  0.000
  0.000
  0.000
  0.000
  0.000
  0.000
  0.000
  0.000
  0.000
  0.000
  0.000
  0.000
  0.000
  0.000
  0.000
  0.000
  0.000
  0.000
  0.000
  0.000
  0.000
  0.000
  0.000
  0.000
  0.000
  0.000
  0.000
  0.000
  0.000
  1.500
  0.000
  0.000
  1.433
  0.000
  2.781
  0.000
  0.000
  1.330
  0.000
  2.585
  1.274
  1.256
  0.000
  1.221
  0.000
  2.376
  0.000
  1.156
  1.141
  3.376
  2.221
  0.000
  2.163
  1.067
  2.107
  1.040
  1.027
  1.014
  2.002
  1.977
  2.929
  0.000
  1.905
  1.882
  0.929
  1.837
  0.000
  0.000
  0.000
  1.751
  0.865
  0.855
  1.691
  1.671
  0.000
  1.633
  2.422
  0.798
  0.000
  0.781
  0.000
  0.764
  0.000
  0.000
  0.000
  1.462
  0.000
  0.715
  0.000
  0.000
  0.000
  0.000
  0.000
  0.000
  0.000
  0.658
  0.000
  1.934
  0.000
  1.896
  0.000
  0.000
  0.000
  1.822
  1.203
  0.596
  1.180
  1.753
  2.893
  1.146
  0.000
  0.562
  2.228
  1.104
  2.187
  0.000
  2.683
  0.532
  1.054
  2.088
  2.069
  1.025
  0.508
  1.007
  1.497
  0.989
  0.981
  0.972
  1.445
  0.955
  2.367
  2.347
  1.396
  0.923
  0.915
  1.814
  0.450
  1.784
  1.327
  0.000
  1.305
  0.863
  0.855
  0.000
  0.421
  1.669
  1.242
  1.232
  0.407
  0.808
  0.802
  0.000
  0.789
  0.391
  0.777
  0.385
  0.1592679E+03  0.1592679E+03
  0.000
  0.000
  0.000
  0.000
  0.000
  0.000
  0.000
  0.000
  0.000
  0.000
  0.000
  0.000
  0.000
  0.000
  0.000
  0.000
  0.000
328.428
  0.000
  0.000
  0.000
  0.000
  0.000
  0.000
  0.000
  0.000
  0.000
  0.000
 61.926
115.598
  0.000
  0.000
  0.000
  0.000
  0.000
  0.000
  0.000
  0.000
  0.000
  0.000
  0.000
  0.000
  0.000
  0.000
  0.000
  0.000
  0.000
  0.000
  0.000
  0.000
  0.000
  0.000
  0.000
  0.000
  0.000
  0.000
  0.000
  0.000
  0.000
  0.000
  0.000
  0.000
  0.000
  0.000
  0.000
  0.000
  0.000
  0.000
  0.000
  0.000
  0.000
  0.000
  0.000
  0.000
  0.000
  0.000
  0.000
  0.000
  0.000
  0.000
  0.000
  0.000
  0.000
  0.000
  0.000
  0.000
  0.000
  0.000
  0.000
  0.000
  0.000
  0.000
  0.000
  0.000
  0.000
  0.000
  0.000
  0.000
  0.000
  0.000
  0.000
  0.000
  0.000
  0.000
  0.000
  0.000
  0.000
  0.000
  0.000
  0.000
  0.000
  0.000
  0.000
  0.000
  0.000
  0.000
  0.000
  0.000
  0.000
  0.000
  0.000
  0.000
  0.000
  0.000
  0.000
  0.000
  0.000
  0.000
  1.523
  0.000
  0.000
  1.455
  0.000
  1.411
  0.000
  1.370
  0.000
  1.330
  2.622
  0.000
  1.274
  1.256
  0.000
  1.221
  0.000
  2.376
  0.000
  1.156
  0.000
  4.501
  2.221
  0.000
  1.082
  2.135
  1.054
  2.080
  0.000
  2.028
  2.002
  0.989
  2.929
  0.964
  1.905
  1.882
  1.859
  0.918
  0.000
  0.000
  0.000
  1.751
  0.865
  0.855
  0.845
  2.507
  0.000
  2.450
  0.807
  0.798
  0.789
  0.000
  0.772
  0.000
  0.755
  0.000
  0.739
  0.000
  0.723
  0.715
  0.000
  0.000
  0.000
  0.000
  0.000
  0.000
  0.665
  0.000
  1.303
  0.645
  1.277
  0.632
  0.000
  0.000
  0.000
  1.822
  1.203
  0.596
  0.590
  2.921
  2.893
  0.573
  0.568
  0.562
  1.114
  2.759
  1.093
  1.083
  1.610
  1.595
  1.054
  1.566
  1.552
  1.025
  1.016
  0.000
  0.998
  1.979
  0.490
  1.944
  0.963
  0.955
  1.420
  2.347
  1.861
  0.923
  1.372
  1.361
  1.349
  1.338
  0.884
  0.438
  0.870
  0.431
  1.711
  0.000
  1.262
  0.417
  2.070
  0.411
  0.407
  0.808
  0.802
  0.398
  0.789
  0.391
  0.777
  0.385
  0.8326872E+02  0.8326872E+02
  0.000
  0.000
  0.000
  0.000
  0.000
  0.000
  0.000
  0.000
  0.000
  0.000
  0.000
  0.000
  0.000
  0.000
  0.000
  0.000
  0.000
246.321
 73.473
  0.000
  0.000
  0.000
  0.000
  0.000
  0.000
  0.000
  0.000
 66.511
 61.926
 57.799
  0.000
  0.000
  0.000
  0.000
  0.000
  0.000
  0.000
  0.000
  0.000
  0.000
  0.000
  0.000
  0.000
  0.000
  0.000
  0.000
  0.000
  0.000
  0.000
  0.000
  0.000
  0.000
  0.000
  0.000
  0.000
  0.000
  0.000
  0.000
  0.000
  0.000
  0.000
  0.000
  0.000
  0.000
  0.000
  0.000
  0.000
  0.000
  0.000
  0.000
  0.000
  0.000
  0.000
  0.000
  0.000
  0.000
  0.000
  0.000
  0.000
  0.000
  0.000
  0.000
  0.000
  0.000
  0.000
  0.000
  0.000
  0.000
  0.000
  0.000
  0.000
  0.000
  0.000
  0.000
  0.000
  0.000
  0.000
  0.000
  0.000
  0.000
  0.000
  0.000
  0.000
  0.000
  0.000
  0.000
  0.000
  0.000
  0.000
  0.000
  0.000
  0.000
  0.000
  0.000
  0.000
  0.000
  0.000
  0.000
  0.000
  0.000
  0.000
  0.000
  0.000
  0.000
  0.000
  0.000
  0.000
  0.000
  0.000
  1.500
  1.477
  0.000
  0.000
  1.411
  0.000
  1.370
  1.350
  0.000
  2.622
  0.000
  0.000
  1.256
  1.239
  0.000
  1.205
  2.376
  0.000
  1.156
  1.141
  1.125
  2.221
  2.192
  1.082
  2.135
  1.054
  1.040
  2.054
  1.014
  2.002
  0.989
  3.906
  0.964
  1.905
  0.941
  0.929
  1.837
  0.000
  0.000
  0.886
  0.875
  0.865
  0.855
  1.691
  2.507
  0.000
  1.633
  1.615
  0.000
  0.789
  0.000
  0.772
  0.000
  0.755
  0.000
  0.739
  0.731
  0.723
  0.000
  0.000
  0.000
  0.000
  0.000
  0.000
  0.000
  0.665
  0.000
  0.651
  0.645
  1.915
  0.000
  0.000
  0.619
  1.227
  0.000
  1.804
  0.596
  0.000
  2.337
  2.314
  2.292
  0.568
  0.000
  1.671
  2.207
  1.640
  0.000
  2.683
  1.595
  1.054
  1.044
  1.035
  2.051
  1.016
  0.000
  0.998
  1.979
  0.490
  1.944
  0.963
  1.433
  1.894
  0.939
  1.861
  1.384
  1.372
  1.361
  1.799
  0.892
  0.442
  0.877
  1.305
  0.863
  0.428
  1.273
  0.841
  0.417
  1.242
  0.821
  0.000
  1.616
  0.401
  0.795
  0.395
  0.391
  0.388
  0.771
  0.1356105E+03  0.1356105E+03
  0.000
  0.000
  0.000
  0.000
  0.000
  0.000
  0.000
  0.000
  0.000
  0.000
  0.000
  0.000
  0.000
  0.000
  0.000
  0.000
  0.000
328.428
  0.000
  0.000
  0.000
  0.000
  0.000
  0.000
  0.000
  0.000
  0.000
 33.255
 92.889
 57.799
  0.000
  0.000
  0.000
  0.000
  0.000
  0.000
  0.000
  0.000
  0.000
  0.000
  0.000
  0.000
  0.000
  0.000
  0.000
  0.000
  0.000
  0.000
  0.000
  0.000
  0.000
  0.000
  0.000
  0.000
  0.000
  0.000
  0.000
  0.000
  0.000
  0.000
  0.000
  0.000
  0.000
  0.000
  0.000
  0.000
  0.000
  0.000
  0.000
  0.000
  0.000
  0.000
  0.000
  0.000
  0.000
  0.000
  0.000
  0.000
  0.000
  0.000
  0.000
  0.000
  0.000
  0.000
  0.000
  0.000
  0.000
  0.000
  0.000
  0.000
  0.000
  0.000
  0.000
  0.000
  0.000
  0.000
  0.000
  0.000
  0.000
  0.000
  0.000
  0.000
  0.000
  0.000
  0.000
  0.000
  0.000
  0.000
  0.000
  0.000
  0.000
  0.000
  0.000
  0.000
  0.000
  0.000
  0.000
  0.000
  0.000
  0.000
  0.000
  0.000
  0.000
  0.000
  0.000
  0.000
  0.000
  0.000
  0.000
  1.500
  0.000
  1.455
  0.000
  0.000
  1.390
  1.370
  1.350
  1.330
  0.000
  1.292
  0.000
  1.256
  1.239
  0.000
  2.409
  1.188
  0.000
  1.156
  1.141
  3.376
  0.000
  2.192
  2.163
  1.067
  1.054
  1.040
  1.027
  2.028
  3.004
  0.000
  1.953
  2.893
  2.858
  0.000
  0.929
  1.837
  0.000
  0.000
  0.000
  1.751
  0.865
  0.855
  1.691
  1.671
  0.826
  1.633
  1.615
  0.000
  0.789
  0.781
  0.000
  0.764
  0.000
  0.000
  0.000
  1.462
  0.000
  0.715
  0.000
  0.000
  0.000
  0.000
  0.000
  0.000
  0.665
  0.000
  0.000
  1.290
  0.638
  1.264
  0.000
  0.619
  0.613
  0.607
  1.804
  0.596
  1.180
  1.168
  2.893
  1.719
  0.568
  0.562
  1.114
  1.104
  2.733
  0.542
  2.146
  1.595
  1.054
  1.566
  0.517
  2.051
  0.508
  0.504
  0.499
  1.979
  0.981
  1.944
  1.445
  1.433
  1.420
  0.939
  2.326
  0.923
  1.372
  1.361
  1.799
  0.892
  0.884
  0.438
  0.435
  1.725
  0.855
  0.424
  0.841
  0.835
  1.242
  0.821
  0.000
  1.616
  0.401
  0.398
  0.395
  0.783
  0.777
  0.000
  0.8052156E+02  0.8052156E+02
  0.000
  0.000
  0.000
  0.000
  0.000
  0.000
  0.000
  0.000
  0.000
  0.000
  0.000
  0.000
  0.000
  0.000
  0.000
  0.000
 92.358
164.214
 73.473
  0.000
  0.000
  0.000
  0.000
  0.000
  0.000
  0.000
  0.000
 66.511
 30.963
 86.698
  0.000
  0.000
  0.000
  0.000
  0.000
  0.000
  0.000
  0.000
  0.000
  0.000
  0.000
  0.000
  0.000
  0.000
  0.000
  0.000
  0.000
  0.000
  0.000
  0.000
  0.000
  0.000
  0.000
  0.000
  0.000
  0.000
  0.000
  0.000
  0.000
  0.000
  0.000
  0.000
  0.000
  0.000
  0.000
  0.000
  0.000
  0.000
  0.000
  0.000
  0.000
  0.000
  0.000
  0.000
  0.000
  0.000
  0.000
  0.000
  0.000
  0.000
  0.000
  0.000
  0.000
  0.000
  0.000
  0.000
  0.000
  0.000
  0.000
  0.000
  0.000
  0.000
  0.000
  0.000
  0.000
  0.000
  0.000
  0.000
  0.000
  0.000
  0.000
  0.000
  0.000
  0.000
  0.000
  0.000
  0.000
  0.000
  0.000
  0.000
  0.000
  0.000
  0.000
  0.000
  0.000
  0.000
  0.000
  0.000
  0.000
  0.000
  0.000
  0.000
  0.000
  0.000
  0.000
  0.000
  0.000
  0.000
  1.523
  0.000
  0.000
  0.000
  0.000
  1.411
  1.390
  1.370
  0.000
  2.661
  0.000
  0.000
  1.274
  1.256
  1.239
  1.221
  2.409
  0.000
  0.000
  1.156
  1.141
  3.376
  0.000
  3.288
  0.000
  2.135
  0.000
  1.040
  2.054
  1.014
  4.005
  0.000
  2.929
  2.893
  1.905
  0.000
  1.859
  0.918
  0.000
  0.000
  0.000
  0.875
  0.865
  1.710
  1.691
  1.671
  0.000
  2.450
  1.615
  0.798
  0.789
  0.000
  0.772
  0.000
  0.000
  0.000
  0.000
  0.731
  0.723
  0.715
  0.000
  0.000
  0.000
  0.000
  0.000
  0.000
  0.000
  0.658
  0.651
  1.290
  0.000
  1.264
  0.626
  0.000
  0.000
  1.822
  1.203
  0.596
  0.590
  2.337
  2.893
  1.146
  0.568
  0.562
  0.557
  1.655
  1.640
  2.166
  1.073
  1.595
  1.580
  1.044
  1.035
  1.538
  1.016
  0.504
  0.998
  2.473
  0.000
  1.944
  1.927
  0.478
  2.367
  1.877
  1.396
  1.384
  0.457
  0.907
  1.799
  1.784
  0.442
  0.000
  1.305
  0.863
  0.855
  0.424
  1.262
  0.835
  1.656
  0.411
  0.407
  1.212
  0.401
  0.398
  0.789
  0.391
  0.777
  0.385
