   1   5   1   0  0.2009700E+03  0.5000000E+02
  CAR 
 unknown system                          
   0   0   0
   1   1
 256 256 256
 256
  0.1000000E-09
  0.6250000E-11
  10
  0.2000000E-14  0.9929189E-09  0.1015332E-08  0.9974726E-09
  0.7442976E+02  0.7442976E+02
  0.000
  0.000
  0.000
  0.000
  0.000
  0.000
  0.000
  0.000
  0.000
  0.000
  0.000
  0.000
  0.000
  0.000
  0.000
  0.000
  0.000
342.142
  0.000
  0.000
  0.000
  0.000
  0.000
  0.000
  0.000
  0.000
  0.000
  0.000
129.023
 60.212
  0.000
  0.000
  0.000
  0.000
  0.000
  0.000
  0.000
  0.000
  0.000
  0.000
  0.000
  0.000
  0.000
  0.000
  0.000
  0.000
  0.000
  0.000
  0.000
  0.000
  0.000
  0.000
  0.000
  0.000
  0.000
  0.000
  0.000
  0.000
  0.000
  0.000
  0.000
  0.000
  0.000
  0.000
  0.000
  0.000
  0.000
  0.000
  0.000
  0.000
  0.000
  0.000
  0.000
  0.000
  0.000
  0.000
  0.000
  0.000
  0.000
  0.000
  0.000
  0.000
  0.000
  0.000
  0.000
  0.000
  0.000
  0.000
  0.000
  0.000
  0.000
  0.000
  0.000
  0.000
  0.000
  0.000
  0.000
  0.000
  0.000
  0.000
  0.000
  0.000
  0.000
  0.000
  0.000
  0.000
  0.000
  0.000
  0.000
  0.000
  0.000
  0.000
  0.000
  0.000
  0.000
  0.000
  0.000
  0.000
  0.000
  0.000
  0.000
  0.000
  0.000
  0.000
  0.000
  0.000
  0.000
  0.000
  0.000
  0.000
  0.000
  1.515
  0.000
  0.000
  1.448
  0.000
  1.406
  1.386
  2.732
  0.000
  0.000
  1.309
  0.000
  0.000
  1.255
  2.475
  2.442
  0.000
  0.000
  2.345
  0.000
  1.142
  2.253
  2.224
  2.195
  1.084
  0.000
  0.000
  1.043
  3.090
  2.034
  3.014
  2.977
  0.000
  2.905
  1.913
  1.890
  0.000
  0.000
  0.000
  0.000
  0.891
  0.881
  2.611
  0.860
  0.851
  1.682
  2.495
  0.822
  0.000
  0.000
  0.795
  0.787
  0.000
  0.770
  0.000
  0.000
  0.745
  1.475
  0.000
  0.000
  0.000
  0.000
  0.000
  0.000
  0.000
  0.000
  1.343
  0.000
  1.317
  0.000
  0.000
  0.639
  0.000
  1.253
  1.241
  0.614
  0.609
  3.014
  0.597
  0.000
  0.586
  2.321
  1.150
  2.278
  0.000
  1.677
  1.108
  2.195
  1.632
  1.078
  2.670
  1.059
  1.574
  1.560
  0.515
  1.021
  1.013
  1.004
  0.995
  1.480
  0.489
  2.908
  1.922
  0.953
  0.472
  1.874
  0.929
  0.461
  2.284
  0.906
  1.348
  0.891
  0.442
  1.753
  0.000
  1.725
  0.428
  0.424
  0.421
  1.670
  1.243
  0.411
  0.408
  0.405
  1.204
  0.1225119E+03  0.1225119E+03
  0.000
  0.000
  0.000
  0.000
  0.000
  0.000
  0.000
  0.000
  0.000
  0.000
  0.000
  0.000
  0.000
  0.000
  0.000
  0.000
  0.000
256.607
 76.541
  0.000
  0.000
  0.000
  0.000
  0.000
  0.000
  0.000
  0.000
  0.000
 96.767
 90.319
  0.000
  0.000
  0.000
  0.000
  0.000
  0.000
  0.000
  0.000
  0.000
  0.000
  0.000
  0.000
  0.000
  0.000
  0.000
  0.000
  0.000
  0.000
  0.000
  0.000
  0.000
  0.000
  0.000
  0.000
  0.000
  0.000
  0.000
  0.000
  0.000
  0.000
  0.000
  0.000
  0.000
  0.000
  0.000
  0.000
  0.000
  0.000
  0.000
  0.000
  0.000
  0.000
  0.000
  0.000
  0.000
  0.000
  0.000
  0.000
  0.000
  0.000
  0.000
  0.000
  0.000
  0.000
  0.000
  0.000
  0.000
  0.000
  0.000
  0.000
  0.000
  0.000
  0.000
  0.000
  0.000
  0.000
  0.000
  0.000
  0.000
  0.000
  0.000
  0.000
  0.000
  0.000
  0.000
  0.000
  0.000
  0.000
  0.000
  0.000
  0.000
  0.000
  0.000
  0.000
  0.000
  0.000
  0.000
  0.000
  0.000
  0.000
  0.000
  0.000
  0.000
  0.000
  0.000
  0.000
  0.000
  0.000
  0.000
  0.000
  1.539
  0.000
  0.000
  0.000
  1.448
  0.000
  1.406
  1.386
  1.366
  1.346
  0.000
  1.309
  0.000
  0.000
  1.255
  2.475
  2.442
  0.000
  0.000
  2.345
  0.000
  1.142
  2.253
  3.336
  0.000
  2.167
  0.000
  0.000
  1.043
  3.090
  2.034
  2.009
  2.977
  2.941
  0.968
  0.957
  1.890
  0.934
  0.000
  0.000
  0.000
  0.891
  0.000
  1.741
  1.721
  1.701
  0.841
  3.327
  0.822
  0.000
  0.000
  0.795
  0.000
  0.778
  0.770
  0.000
  0.000
  0.745
  1.475
  0.000
  0.000
  0.000
  0.000
  0.000
  0.000
  0.000
  0.000
  1.343
  0.000
  1.317
  0.000
  0.000
  0.639
  1.265
  0.000
  1.861
  0.000
  1.826
  1.808
  0.597
  0.591
  0.586
  2.321
  0.575
  2.278
  0.000
  1.118
  1.662
  2.195
  1.632
  1.617
  2.136
  2.117
  1.049
  0.520
  1.031
  0.511
  1.519
  1.004
  0.995
  1.480
  0.978
  2.424
  1.442
  1.429
  0.945
  1.874
  0.465
  0.921
  1.370
  0.906
  1.348
  1.337
  0.000
  2.192
  0.000
  0.862
  1.283
  0.424
  0.421
  1.670
  1.243
  0.822
  0.408
  0.000
  0.401
  0.6366092E+02  0.6366092E+02
  0.000
  0.000
  0.000
  0.000
  0.000
  0.000
  0.000
  0.000
  0.000
  0.000
  0.000
  0.000
  0.000
  0.000
  0.000
  0.000
  0.000
256.607
 76.541
  0.000
  0.000
  0.000
  0.000
  0.000
  0.000
  0.000
  0.000
 34.644
 64.511
 60.212
 28.165
  0.000
  0.000
  0.000
  0.000
  0.000
  0.000
  0.000
  0.000
  0.000
  0.000
  0.000
  0.000
  0.000
  0.000
  0.000
  0.000
  0.000
  0.000
  0.000
  0.000
  0.000
  0.000
  0.000
  0.000
  0.000
  0.000
  0.000
  0.000
  0.000
  0.000
  0.000
  0.000
  0.000
  0.000
  0.000
  0.000
  0.000
  0.000
  0.000
  0.000
  0.000
  0.000
  0.000
  0.000
  0.000
  0.000
  0.000
  0.000
  0.000
  0.000
  0.000
  0.000
  0.000
  0.000
  0.000
  0.000
  0.000
  0.000
  0.000
  0.000
  0.000
  0.000
  0.000
  0.000
  0.000
  0.000
  0.000
  0.000
  0.000
  0.000
  0.000
  0.000
  0.000
  0.000
  0.000
  0.000
  0.000
  0.000
  0.000
  0.000
  0.000
  0.000
  0.000
  0.000
  0.000
  0.000
  0.000
  0.000
  0.000
  0.000
  0.000
  0.000
  0.000
  0.000
  0.000
  0.000
  0.000
  0.000
  0.000
  1.539
  0.000
  0.000
  0.000
  1.448
  0.000
  1.406
  1.386
  1.366
  1.346
  0.000
  1.309
  0.000
  0.000
  2.510
  1.238
  2.442
  0.000
  1.188
  1.172
  0.000
  1.142
  3.380
  1.112
  1.098
  1.084
  1.070
  1.056
  1.043
  1.030
  4.069
  2.009
  1.985
  1.960
  0.968
  0.957
  1.890
  1.868
  0.000
  0.000
  0.000
  0.891
  0.000
  1.741
  1.721
  1.701
  1.682
  2.495
  0.822
  0.000
  0.804
  0.000
  0.000
  0.778
  0.770
  0.000
  0.753
  0.000
  1.475
  0.000
  0.000
  0.000
  0.000
  0.000
  0.000
  0.000
  0.679
  0.672
  0.665
  0.000
  0.652
  0.000
  1.278
  0.633
  0.000
  1.861
  0.614
  1.826
  0.603
  0.597
  1.183
  0.586
  1.161
  1.150
  2.847
  0.000
  1.118
  1.108
  3.293
  1.632
  0.539
  2.670
  2.117
  1.049
  0.520
  1.031
  0.511
  1.519
  0.502
  1.492
  0.493
  2.445
  1.939
  1.442
  1.429
  1.417
  0.937
  0.929
  0.921
  0.457
  1.812
  0.899
  1.337
  0.884
  1.315
  1.304
  0.000
  0.856
  0.849
  0.842
  0.835
  1.243
  1.644
  0.000
  0.405
  0.000
  0.7132356E+02  0.7132356E+02
  0.000
  0.000
  0.000
  0.000
  0.000
  0.000
  0.000
  0.000
  0.000
  0.000
  0.000
  0.000
  0.000
  0.000
  0.000
  0.000
  0.000
342.142
  0.000
  0.000
  0.000
  0.000
  0.000
  0.000
  0.000
  0.000
  0.000
 34.644
129.023
 30.106
  0.000
  0.000
  0.000
  0.000
  0.000
  0.000
  0.000
  0.000
  0.000
  0.000
  0.000
  0.000
  0.000
  0.000
  0.000
  0.000
  0.000
  0.000
  0.000
  0.000
  0.000
  0.000
  0.000
  0.000
  0.000
  0.000
  0.000
  0.000
  0.000
  0.000
  0.000
  0.000
  0.000
  0.000
  0.000
  0.000
  0.000
  0.000
  0.000
  0.000
  0.000
  0.000
  0.000
  0.000
  0.000
  0.000
  0.000
  0.000
  0.000
  0.000
  0.000
  0.000
  0.000
  0.000
  0.000
  0.000
  0.000
  0.000
  0.000
  0.000
  0.000
  0.000
  0.000
  0.000
  0.000
  0.000
  0.000
  0.000
  0.000
  0.000
  0.000
  0.000
  0.000
  0.000
  0.000
  0.000
  0.000
  0.000
  0.000
  0.000
  0.000
  0.000
  0.000
  0.000
  0.000
  0.000
  0.000
  0.000
  0.000
  0.000
  0.000
  0.000
  0.000
  0.000
  0.000
  0.000
  0.000
  0.000
  0.000
  0.000
  0.000
  1.515
  0.000
  0.000
  1.448
  0.000
  1.406
  1.386
  0.000
  1.346
  1.327
  1.309
  0.000
  1.272
  1.255
  0.000
  1.221
  2.409
  1.188
  1.172
  0.000
  3.425
  1.127
  1.112
  1.098
  1.084
  1.070
  1.056
  1.043
  2.060
  3.051
  2.009
  0.992
  3.921
  0.000
  1.913
  0.945
  1.868
  0.000
  0.000
  0.901
  0.000
  0.881
  1.741
  1.721
  0.851
  1.682
  2.495
  0.822
  0.000
  0.804
  0.000
  0.000
  0.778
  0.770
  0.000
  0.753
  0.000
  1.475
  0.000
  0.000
  0.000
  0.000
  0.000
  0.000
  0.000
  0.679
  0.672
  0.665
  0.000
  0.652
  0.000
  0.639
  1.265
  0.000
  1.861
  0.614
  1.217
  1.205
  0.597
  1.183
  0.586
  1.161
  1.150
  2.847
  0.000
  1.118
  0.000
  4.391
  1.632
  0.539
  2.670
  2.117
  1.574
  0.000
  1.031
  0.511
  1.519
  0.502
  1.492
  0.493
  2.445
  2.424
  1.442
  1.429
  0.472
  1.405
  0.929
  1.382
  0.000
  1.359
  0.899
  1.782
  0.884
  1.753
  0.869
  0.431
  0.856
  0.849
  0.842
  0.835
  1.243
  1.233
  0.000
  0.405
  0.000
  0.7547622E+02  0.7547622E+02
  0.000
  0.000
  0.000
  0.000
  0.000
  0.000
  0.000
  0.000
  0.000
  0.000
  0.000
  0.000
  0.000
  0.000
  0.000
  0.000
 96.214
256.607
  0.000
  0.000
  0.000
  0.000
  0.000
  0.000
  0.000
  0.000
  0.000
 34.644
161.279
  0.000
  0.000
  0.000
  0.000
  0.000
  0.000
  0.000
  0.000
  0.000
  0.000
  0.000
  0.000
  0.000
  0.000
  0.000
  0.000
  0.000
  0.000
  0.000
  0.000
  0.000
  0.000
  0.000
  0.000
  0.000
  0.000
  0.000
  0.000
  0.000
  0.000
  0.000
  0.000
  0.000
  0.000
  0.000
  0.000
  0.000
  0.000
  0.000
  0.000
  0.000
  0.000
  0.000
  0.000
  0.000
  0.000
  0.000
  0.000
  0.000
  0.000
  0.000
  0.000
  0.000
  0.000
  0.000
  0.000
  0.000
  0.000
  0.000
  0.000
  0.000
  0.000
  0.000
  0.000
  0.000
  0.000
  0.000
  0.000
  0.000
  0.000
  0.000
  0.000
  0.000
  0.000
  0.000
  0.000
  0.000
  0.000
  0.000
  0.000
  0.000
  0.000
  0.000
  0.000
  0.000
  0.000
  0.000
  0.000
  0.000
  0.000
  0.000
  0.000
  0.000
  0.000
  0.000
  0.000
  0.000
  0.000
  0.000
  0.000
  0.000
  0.000
  1.515
  0.000
  0.000
  1.448
  0.000
  0.000
  2.772
  0.000
  1.346
  1.327
  1.309
  0.000
  1.272
  1.255
  1.238
  0.000
  2.409
  0.000
  1.172
  1.157
  2.283
  2.253
  1.112
  1.098
  1.084
  2.140
  0.000
  0.000
  3.090
  3.051
  2.009
  1.985
  2.941
  0.000
  1.913
  0.945
  1.868
  0.000
  0.000
  0.901
  0.000
  0.881
  2.611
  0.860
  1.701
  0.841
  3.327
  0.000
  0.000
  0.804
  0.000
  0.787
  0.000
  0.770
  0.000
  0.753
  0.745
  0.737
  0.000
  0.000
  0.000
  0.000
  0.000
  0.000
  0.000
  0.000
  0.672
  0.665
  0.658
  0.652
  0.000
  0.000
  1.898
  0.627
  0.620
  0.614
  1.826
  1.205
  0.597
  1.183
  0.586
  1.161
  0.575
  2.847
  0.564
  1.118
  0.554
  2.195
  3.263
  0.539
  2.136
  2.646
  1.574
  0.000
  1.031
  0.511
  1.519
  0.502
  1.492
  0.493
  2.934
  1.939
  1.442
  0.953
  1.417
  1.405
  0.929
  0.921
  0.000
  2.265
  1.348
  0.446
  0.884
  2.192
  0.435
  0.431
  1.283
  0.000
  1.684
  0.418
  1.243
  1.233
  0.000
  0.000
  0.803
  0.1356625E+03  0.1356625E+03
  0.000
  0.000
  0.000
  0.000
  0.000
  0.000
  0.000
  0.000
  0.000
  0.000
  0.000
  0.000
  0.000
  0.000
  0.000
  0.000
  0.000
342.142
  0.000
  0.000
  0.000
  0.000
  0.000
  0.000
  0.000
  0.000
  0.000
 34.644
129.023
 30.106
  0.000
  0.000
  0.000
  0.000
  0.000
  0.000
  0.000
  0.000
  0.000
  0.000
  0.000
  0.000
  0.000
  0.000
  0.000
  0.000
  0.000
  0.000
  0.000
  0.000
  0.000
  0.000
  0.000
  0.000
  0.000
  0.000
  0.000
  0.000
  0.000
  0.000
  0.000
  0.000
  0.000
  0.000
  0.000
  0.000
  0.000
  0.000
  0.000
  0.000
  0.000
  0.000
  0.000
  0.000
  0.000
  0.000
  0.000
  0.000
  0.000
  0.000
  0.000
  0.000
  0.000
  0.000
  0.000
  0.000
  0.000
  0.000
  0.000
  0.000
  0.000
  0.000
  0.000
  0.000
  0.000
  0.000
  0.000
  0.000
  0.000
  0.000
  0.000
  0.000
  0.000
  0.000
  0.000
  0.000
  0.000
  0.000
  0.000
  0.000
  0.000
  0.000
  0.000
  0.000
  0.000
  0.000
  0.000
  0.000
  0.000
  0.000
  0.000
  0.000
  0.000
  0.000
  0.000
  0.000
  0.000
  0.000
  0.000
  0.000
  0.000
  1.515
  0.000
  0.000
  1.448
  0.000
  1.406
  1.386
  0.000
  1.346
  1.327
  1.309
  0.000
  0.000
  1.255
  2.475
  0.000
  1.204
  1.188
  0.000
  3.470
  1.142
  2.253
  1.112
  1.098
  1.084
  2.140
  0.000
  1.043
  3.090
  1.017
  3.014
  1.985
  1.960
  0.968
  1.913
  0.945
  1.868
  0.000
  0.000
  0.000
  0.891
  1.761
  1.741
  0.000
  2.552
  0.841
  2.495
  0.822
  0.000
  0.804
  0.000
  0.787
  0.000
  0.770
  0.000
  0.753
  0.745
  0.000
  0.730
  0.000
  0.000
  0.000
  0.000
  0.000
  0.000
  0.000
  0.672
  0.665
  0.000
  1.304
  0.000
  0.000
  1.265
  1.880
  0.620
  0.000
  1.217
  1.808
  1.194
  0.591
  0.000
  1.741
  0.575
  2.847
  0.564
  0.559
  1.662
  1.646
  3.263
  1.078
  2.136
  1.588
  2.098
  0.000
  1.031
  0.511
  1.013
  1.506
  0.497
  1.973
  2.445
  1.454
  0.961
  0.953
  2.362
  0.937
  0.929
  0.461
  0.914
  1.359
  0.899
  1.337
  0.884
  1.753
  0.869
  0.431
  0.856
  1.273
  0.421
  0.835
  1.243
  1.233
  0.000
  0.000
  0.401
  0.8980082E+02  0.8980082E+02
  0.000
  0.000
  0.000
  0.000
  0.000
  0.000
  0.000
  0.000
  0.000
  0.000
  0.000
  0.000
  0.000
  0.000
  0.000
  0.000
  0.000
342.142
  0.000
  0.000
  0.000
  0.000
  0.000
  0.000
  0.000
  0.000
  0.000
  0.000
129.023
 60.212
  0.000
  0.000
  0.000
  0.000
  0.000
  0.000
  0.000
  0.000
  0.000
  0.000
  0.000
  0.000
  0.000
  0.000
  0.000
  0.000
  0.000
  0.000
  0.000
  0.000
  0.000
  0.000
  0.000
  0.000
  0.000
  0.000
  0.000
  0.000
  0.000
  0.000
  0.000
  0.000
  0.000
  0.000
  0.000
  0.000
  0.000
  0.000
  0.000
  0.000
  0.000
  0.000
  0.000
  0.000
  0.000
  0.000
  0.000
  0.000
  0.000
  0.000
  0.000
  0.000
  0.000
  0.000
  0.000
  0.000
  0.000
  0.000
  0.000
  0.000
  0.000
  0.000
  0.000
  0.000
  0.000
  0.000
  0.000
  0.000
  0.000
  0.000
  0.000
  0.000
  0.000
  0.000
  0.000
  0.000
  0.000
  0.000
  0.000
  0.000
  0.000
  0.000
  0.000
  0.000
  0.000
  0.000
  0.000
  0.000
  0.000
  0.000
  0.000
  0.000
  0.000
  0.000
  0.000
  0.000
  0.000
  0.000
  0.000
  0.000
  0.000
  1.515
  0.000
  0.000
  1.448
  0.000
  1.406
  1.386
  0.000
  2.693
  0.000
  1.309
  0.000
  0.000
  2.510
  1.238
  0.000
  2.409
  0.000
  0.000
  2.314
  4.566
  0.000
  0.000
  3.293
  0.000
  2.140
  0.000
  1.043
  3.090
  0.000
  5.023
  0.992
  1.960
  0.968
  2.870
  0.000
  0.934
  0.923
  0.000
  0.000
  0.891
  1.761
  0.870
  0.860
  1.701
  0.841
  3.327
  0.822
  0.000
  0.804
  0.000
  0.787
  0.000
  0.770
  0.000
  0.753
  0.745
  0.000
  0.730
  0.000
  0.000
  0.000
  0.000
  0.000
  0.000
  0.679
  0.672
  0.000
  0.658
  0.000
  0.645
  0.639
  1.265
  1.253
  0.620
  0.614
  0.609
  2.411
  0.597
  0.000
  0.586
  1.741
  1.725
  2.278
  0.000
  1.118
  1.108
  2.195
  2.175
  2.156
  2.136
  1.059
  1.574
  1.040
  0.515
  1.021
  0.000
  2.007
  0.497
  1.973
  1.956
  1.939
  0.961
  0.953
  2.362
  0.937
  0.465
  0.461
  1.370
  1.359
  0.899
  1.337
  0.884
  0.438
  2.174
  0.431
  0.856
  1.273
  0.421
  1.253
  0.829
  1.233
  0.000
  0.000
  0.803
  0.5076066E+02  0.5076066E+02
  0.000
  0.000
  0.000
  0.000
  0.000
  0.000
  0.000
  0.000
  0.000
  0.000
  0.000
  0.000
  0.000
  0.000
  0.000
  0.000
  0.000
256.607
 76.541
  0.000
  0.000
  0.000
  0.000
  0.000
  0.000
  0.000
  0.000
 34.644
 64.511
 90.319
  0.000
  0.000
  0.000
  0.000
  0.000
  0.000
  0.000
  0.000
  0.000
  0.000
  0.000
  0.000
  0.000
  0.000
  0.000
  0.000
  0.000
  0.000
  0.000
  0.000
  0.000
  0.000
  0.000
  0.000
  0.000
  0.000
  0.000
  0.000
  0.000
  0.000
  0.000
  0.000
  0.000
  0.000
  0.000
  0.000
  0.000
  0.000
  0.000
  0.000
  0.000
  0.000
  0.000
  0.000
  0.000
  0.000
  0.000
  0.000
  0.000
  0.000
  0.000
  0.000
  0.000
  0.000
  0.000
  0.000
  0.000
  0.000
  0.000
  0.000
  0.000
  0.000
  0.000
  0.000
  0.000
  0.000
  0.000
  0.000
  0.000
  0.000
  0.000
  0.000
  0.000
  0.000
  0.000
  0.000
  0.000
  0.000
  0.000
  0.000
  0.000
  0.000
  0.000
  0.000
  0.000
  0.000
  0.000
  0.000
  0.000
  0.000
  0.000
  0.000
  0.000
  0.000
  0.000
  0.000
  0.000
  0.000
  0.000
  0.000
  0.000
  1.515
  0.000
  0.000
  1.448
  0.000
  1.406
  1.386
  0.000
  2.693
  0.000
  1.309
  0.000
  1.272
  1.255
  1.238
  0.000
  2.409
  0.000
  0.000
  2.314
  4.566
  0.000
  0.000
  3.293
  1.084
  0.000
  1.056
  2.086
  1.030
  2.034
  2.009
  2.977
  1.960
  1.937
  1.913
  0.000
  1.868
  0.000
  0.000
  0.000
  1.782
  0.881
  0.870
  1.721
  1.701
  0.000
  1.663
  2.467
  0.000
  0.804
  0.795
  0.000
  0.000
  0.770
  0.000
  0.000
  1.491
  0.000
  0.730
  0.000
  0.000
  0.000
  0.000
  0.000
  0.000
  0.679
  0.672
  0.000
  0.658
  0.000
  0.000
  1.278
  1.265
  1.253
  0.000
  1.229
  0.000
  2.411
  1.194
  0.000
  0.586
  1.741
  1.725
  1.708
  1.128
  0.559
  1.662
  1.098
  3.263
  1.617
  2.670
  0.529
  1.049
  1.040
  1.546
  0.511
  0.000
  1.506
  1.492
  0.986
  2.445
  1.939
  0.961
  0.953
  1.417
  1.874
  0.465
  0.461
  1.370
  1.359
  0.899
  1.782
  0.884
  0.000
  2.174
  0.431
  1.283
  0.849
  0.421
  0.835
  1.243
  0.822
  0.408
  0.000
  1.204
  0.5664983E+02  0.5664983E+02
  0.000
  0.000
  0.000
  0.000
  0.000
  0.000
  0.000
  0.000
  0.000
  0.000
  0.000
  0.000
  0.000
  0.000
  0.000
  0.000
 96.214
171.071
 76.541
  0.000
  0.000
  0.000
  0.000
  0.000
  0.000
  0.000
 37.308
 34.644
 96.767
 30.106
  0.000
  0.000
  0.000
  0.000
  0.000
  0.000
  0.000
  0.000
  0.000
  0.000
  0.000
  0.000
  0.000
  0.000
  0.000
  0.000
  0.000
  0.000
  0.000
  0.000
  0.000
  0.000
  0.000
  0.000
  0.000
  0.000
  0.000
  0.000
  0.000
  0.000
  0.000
  0.000
  0.000
  0.000
  0.000
  0.000
  0.000
  0.000
  0.000
  0.000
  0.000
  0.000
  0.000
  0.000
  0.000
  0.000
  0.000
  0.000
  0.000
  0.000
  0.000
  0.000
  0.000
  0.000
  0.000
  0.000
  0.000
  0.000
  0.000
  0.000
  0.000
  0.000
  0.000
  0.000
  0.000
  0.000
  0.000
  0.000
  0.000
  0.000
  0.000
  0.000
  0.000
  0.000
  0.000
  0.000
  0.000
  0.000
  0.000
  0.000
  0.000
  0.000
  0.000
  0.000
  0.000
  0.000
  0.000
  0.000
  0.000
  0.000
  0.000
  0.000
  0.000
  0.000
  0.000
  0.000
  0.000
  0.000
  0.000
  0.000
  0.000
  1.515
  0.000
  0.000
  0.000
  1.427
  1.406
  0.000
  1.366
  2.693
  0.000
  0.000
  1.290
  1.272
  1.255
  1.238
  0.000
  2.409
  0.000
  0.000
  1.157
  4.566
  1.127
  0.000
  3.293
  1.084
  0.000
  1.056
  2.086
  1.030
  2.034
  2.009
  2.977
  1.960
  1.937
  1.913
  0.000
  1.868
  0.000
  0.000
  0.000
  1.782
  0.881
  1.741
  0.000
  2.552
  0.841
  2.495
  0.822
  0.000
  0.804
  0.795
  0.000
  0.778
  0.000
  0.000
  0.000
  1.491
  0.000
  0.730
  0.000
  0.000
  0.000
  0.000
  0.000
  0.000
  0.000
  0.672
  1.330
  0.000
  0.000
  0.000
  1.278
  0.633
  1.253
  0.620
  0.614
  0.609
  1.808
  1.791
  0.000
  1.172
  1.741
  1.150
  1.708
  1.128
  0.559
  1.662
  1.646
  2.719
  1.617
  2.670
  0.529
  0.525
  1.560
  1.546
  0.511
  0.000
  2.007
  0.995
  1.480
  2.445
  1.454
  0.481
  2.382
  0.945
  1.405
  0.929
  0.000
  1.827
  1.359
  1.348
  1.337
  0.442
  0.438
  2.174
  0.431
  0.856
  0.424
  0.842
  0.418
  1.657
  0.822
  0.408
  0.405
  0.401
  0.1274155E+03  0.1274155E+03
  0.000
  0.000
  0.000
  0.000
  0.000
  0.000
  0.000
  0.000
  0.000
  0.000
  0.000
  0.000
  0.000
  0.000
  0.000
  0.000
  0.000
342.142
  0.000
  0.000
  0.000
  0.000
  0.000
  0.000
  0.000
  0.000
  0.000
 34.644
129.023
 30.106
  0.000
  0.000
  0.000
  0.000
  0.000
  0.000
  0.000
  0.000
  0.000
  0.000
  0.000
  0.000
  0.000
  0.000
  0.000
  0.000
  0.000
  0.000
  0.000
  0.000
  0.000
  0.000
  0.000
  0.000
  0.000
  0.000
  0.000
  0.000
  0.000
  0.000
  0.000
  0.000
  0.000
  0.000
  0.000
  0.000
  0.000
  0.000
  0.000
  0.000
  0.000
  0.000
  0.000
  0.000
  0.000
  0.000
  0.000
  0.000
  0.000
  0.000
  0.000
  0.000
  0.000
  0.000
  0.000
  0.000
  0.000
  0.000
  0.000
  0.000
  0.000
  0.000
  0.000
  0.000
  0.000
  0.000
  0.000
  0.000
  0.000
  0.000
  0.000
  0.000
  0.000
  0.000
  0.000
  0.000
  0.000
  0.000
  0.000
  0.000
  0.000
  0.000
  0.000
  0.000
  0.000
  0.000
  0.000
  0.000
  0.000
  0.000
  0.000
  0.000
  0.000
  0.000
  0.000
  0.000
  0.000
  0.000
  0.000
  0.000
  0.000
  1.515
  0.000
  0.000
  1.448
  0.000
  0.000
  2.772
  0.000
  2.693
  0.000
  1.309
  0.000
  1.272
  1.255
  1.238
  0.000
  2.409
  0.000
  1.172
  0.000
  3.425
  2.253
  0.000
  3.293
  1.084
  0.000
  1.056
  1.043
  3.090
  2.034
  1.005
  2.977
  2.941
  0.000
  2.870
  0.945
  0.934
  0.000
  0.000
  0.000
  1.782
  0.881
  1.741
  0.000
  2.552
  0.841
  1.663
  1.645
  0.000
  0.000
  0.795
  0.787
  0.000
  0.770
  0.000
  0.000
  1.491
  0.737
  0.000
  0.000
  0.000
  0.000
  0.000
  0.000
  0.000
  0.000
  1.343
  0.000
  0.658
  0.000
  0.645
  0.639
  0.000
  1.880
  0.620
  0.614
  0.609
  1.808
  1.791
  0.000
  1.757
  1.161
  0.575
  2.847
  0.564
  0.559
  1.662
  1.646
  2.719
  1.617
  2.136
  1.059
  0.525
  1.040
  2.061
  0.511
  1.013
  1.004
  0.995
  1.480
  1.467
  2.424
  0.481
  1.906
  0.945
  1.874
  0.929
  0.000
  2.284
  0.906
  1.348
  1.337
  0.000
  0.877
  1.739
  0.862
  0.428
  0.849
  0.421
  0.835
  1.657
  0.411
  0.815
  0.000
  0.803
