   1   5   1   0  0.2000000E+03  0.5000000E+02
  CAR 
 unknown system                          
   0   0   0
   1   1
 256 256 256
 256
  0.1000000E-09
  0.6250000E-11
  10
  0.2000000E-14  0.1000000E-08  0.1000000E-08  0.1000000E-08
  0.1854002E+02  0.1854002E+02
  0.000
  0.000
  0.000
  0.000
  0.000
  0.000
  0.000
  0.000
  0.000
  0.000
  0.000
  0.000
  0.000
  0.000
  0.000
  0.000
  0.000
340.491
  0.000
  0.000
  0.000
  0.000
  0.000
  0.000
  0.000
  0.000
  0.000
  0.000
192.600
  0.000
  0.000
  0.000
  0.000
  0.000
  0.000
  0.000
  0.000
  0.000
  0.000
  0.000
  0.000
  0.000
  0.000
  0.000
  0.000
  0.000
  0.000
  0.000
  0.000
  0.000
  0.000
  0.000
  0.000
  0.000
  0.000
  0.000
  0.000
  0.000
  0.000
  0.000
  0.000
  0.000
  0.000
  0.000
  0.000
  0.000
  0.000
  0.000
  0.000
  0.000
  0.000
  0.000
  0.000
  0.000
  0.000
  0.000
  0.000
  0.000
  0.000
  0.000
  0.000
  0.000
  0.000
  0.000
  0.000
  0.000
  0.000
  0.000
  0.000
  0.000
  0.000
  0.000
  0.000
  0.000
  0.000
  0.000
  0.000
  0.000
  0.000
  0.000
  0.000
  0.000
  0.000
  0.000
  0.000
  0.000
  0.000
  0.000
  0.000
  0.000
  0.000
  0.000
  0.000
  0.000
  0.000
  0.000
  0.000
  0.000
  0.000
  0.000
  0.000
  0.000
  0.000
  0.000
  0.000
  0.000
  0.000
  0.000
  0.000
  0.000
  0.000
  1.508
  0.000
  0.000
  0.000
  2.840
  0.000
  1.379
  1.359
  1.340
  0.000
  0.000
  1.284
  0.000
  1.249
  2.463
  2.430
  0.000
  1.182
  2.333
  1.151
  1.136
  3.364
  0.000
  0.000
  1.078
  1.065
  0.000
  2.076
  1.025
  3.037
  2.999
  0.987
  1.951
  3.854
  0.000
  1.881
  0.000
  1.837
  0.000
  0.897
  0.000
  0.876
  1.732
  0.856
  3.386
  0.000
  2.483
  0.000
  0.000
  0.000
  0.000
  0.783
  0.774
  0.766
  1.516
  0.000
  0.000
  0.734
  0.000
  0.000
  0.000
  0.000
  0.000
  0.000
  0.000
  0.000
  0.000
  1.324
  0.655
  0.649
  0.642
  0.636
  0.000
  0.624
  1.235
  0.000
  1.211
  1.799
  2.376
  1.177
  0.583
  0.577
  2.288
  0.567
  2.807
  0.000
  1.102
  1.092
  2.165
  2.145
  2.126
  1.053
  0.522
  2.587
  0.513
  0.508
  1.008
  1.498
  1.980
  0.491
  0.973
  2.412
  0.478
  0.474
  2.351
  1.865
  1.849
  1.375
  0.909
  0.902
  0.894
  1.330
  0.440
  0.872
  0.865
  1.717
  0.000
  0.845
  0.838
  0.416
  0.825
  0.409
  1.217
  1.208
  0.399
  0.5848700E+02  0.5848700E+02
  0.000
  0.000
  0.000
  0.000
  0.000
  0.000
  0.000
  0.000
  0.000
  0.000
  0.000
  0.000
  0.000
  0.000
  0.000
  0.000
  0.000
340.491
  0.000
  0.000
  0.000
  0.000
  0.000
  0.000
  0.000
  0.000
  0.000
  0.000
 96.300
 89.883
  0.000
  0.000
  0.000
  0.000
  0.000
  0.000
  0.000
  0.000
  0.000
  0.000
  0.000
  0.000
  0.000
  0.000
  0.000
  0.000
  0.000
  0.000
  0.000
  0.000
  0.000
  0.000
  0.000
  0.000
  0.000
  0.000
  0.000
  0.000
  0.000
  0.000
  0.000
  0.000
  0.000
  0.000
  0.000
  0.000
  0.000
  0.000
  0.000
  0.000
  0.000
  0.000
  0.000
  0.000
  0.000
  0.000
  0.000
  0.000
  0.000
  0.000
  0.000
  0.000
  0.000
  0.000
  0.000
  0.000
  0.000
  0.000
  0.000
  0.000
  0.000
  0.000
  0.000
  0.000
  0.000
  0.000
  0.000
  0.000
  0.000
  0.000
  0.000
  0.000
  0.000
  0.000
  0.000
  0.000
  0.000
  0.000
  0.000
  0.000
  0.000
  0.000
  0.000
  0.000
  0.000
  0.000
  0.000
  0.000
  0.000
  0.000
  0.000
  0.000
  0.000
  0.000
  0.000
  0.000
  0.000
  0.000
  0.000
  0.000
  1.531
  0.000
  0.000
  0.000
  0.000
  2.840
  1.399
  0.000
  1.359
  0.000
  1.321
  0.000
  0.000
  1.266
  1.249
  1.232
  3.645
  0.000
  3.547
  0.000
  2.302
  1.136
  2.242
  0.000
  0.000
  1.078
  1.065
  0.000
  2.076
  0.000
  3.037
  3.999
  1.975
  0.975
  2.891
  0.952
  1.881
  0.000
  0.918
  0.908
  0.897
  0.000
  0.876
  0.000
  1.713
  3.386
  1.674
  1.655
  0.000
  0.000
  0.000
  0.000
  0.783
  0.774
  0.766
  0.758
  0.750
  0.000
  0.000
  0.726
  0.000
  0.000
  0.000
  0.000
  0.000
  0.000
  0.000
  0.000
  1.324
  0.655
  0.649
  0.642
  0.636
  0.000
  0.624
  1.235
  0.000
  2.422
  0.600
  3.565
  0.000
  0.583
  1.732
  0.572
  1.133
  2.246
  1.113
  0.000
  2.185
  1.624
  1.609
  3.189
  0.527
  0.000
  3.104
  0.513
  0.508
  0.504
  2.497
  1.485
  0.491
  1.460
  1.930
  0.000
  1.423
  2.351
  0.932
  2.311
  1.834
  0.000
  1.352
  0.894
  0.000
  1.759
  0.436
  1.298
  1.717
  0.000
  0.845
  1.257
  0.000
  0.412
  1.227
  0.812
  0.805
  0.799
  0.5524711E+02  0.5524711E+02
  0.000
  0.000
  0.000
  0.000
  0.000
  0.000
  0.000
  0.000
  0.000
  0.000
  0.000
  0.000
  0.000
  0.000
  0.000
  0.000
  0.000
340.491
  0.000
  0.000
  0.000
  0.000
  0.000
  0.000
  0.000
  0.000
  0.000
  0.000
 64.200
119.843
  0.000
  0.000
  0.000
  0.000
  0.000
  0.000
  0.000
  0.000
  0.000
  0.000
  0.000
  0.000
  0.000
  0.000
  0.000
  0.000
  0.000
  0.000
  0.000
  0.000
  0.000
  0.000
  0.000
  0.000
  0.000
  0.000
  0.000
  0.000
  0.000
  0.000
  0.000
  0.000
  0.000
  0.000
  0.000
  0.000
  0.000
  0.000
  0.000
  0.000
  0.000
  0.000
  0.000
  0.000
  0.000
  0.000
  0.000
  0.000
  0.000
  0.000
  0.000
  0.000
  0.000
  0.000
  0.000
  0.000
  0.000
  0.000
  0.000
  0.000
  0.000
  0.000
  0.000
  0.000
  0.000
  0.000
  0.000
  0.000
  0.000
  0.000
  0.000
  0.000
  0.000
  0.000
  0.000
  0.000
  0.000
  0.000
  0.000
  0.000
  0.000
  0.000
  0.000
  0.000
  0.000
  0.000
  0.000
  0.000
  0.000
  0.000
  0.000
  0.000
  0.000
  0.000
  0.000
  0.000
  0.000
  0.000
  0.000
  0.000
  1.531
  0.000
  0.000
  0.000
  0.000
  2.840
  1.399
  0.000
  1.359
  0.000
  1.321
  0.000
  0.000
  1.266
  2.498
  0.000
  3.645
  0.000
  3.547
  0.000
  2.302
  1.136
  2.242
  0.000
  0.000
  1.078
  1.065
  0.000
  2.076
  0.000
  4.049
  3.999
  0.000
  2.926
  1.927
  0.952
  1.881
  0.000
  0.918
  0.908
  0.897
  0.000
  0.876
  0.000
  1.713
  2.540
  2.511
  1.655
  0.000
  0.000
  0.000
  0.000
  0.783
  0.774
  0.000
  1.516
  0.750
  0.000
  0.000
  0.726
  0.000
  0.000
  0.000
  0.000
  0.000
  0.000
  0.000
  0.000
  1.324
  0.655
  0.649
  0.642
  0.636
  0.000
  0.624
  1.235
  0.000
  2.422
  0.600
  2.971
  0.588
  0.583
  1.732
  1.144
  1.133
  1.684
  1.113
  1.102
  1.092
  1.624
  2.145
  1.594
  1.580
  1.044
  1.035
  1.538
  1.017
  0.504
  1.498
  1.485
  1.472
  0.487
  2.412
  0.000
  1.423
  1.881
  1.865
  1.849
  1.375
  0.455
  1.352
  0.894
  0.000
  1.759
  0.436
  1.298
  0.858
  0.851
  1.267
  0.419
  0.416
  0.412
  1.227
  0.812
  0.805
  0.799
  0.6091490E+02  0.6091490E+02
  0.000
  0.000
  0.000
  0.000
  0.000
  0.000
  0.000
  0.000
  0.000
  0.000
  0.000
  0.000
  0.000
  0.000
  0.000
  0.000
  0.000
340.491
  0.000
  0.000
  0.000
  0.000
  0.000
  0.000
  0.000
  0.000
  0.000
 34.477
128.400
 29.961
  0.000
  0.000
  0.000
  0.000
  0.000
  0.000
  0.000
  0.000
  0.000
  0.000
  0.000
  0.000
  0.000
  0.000
  0.000
  0.000
  0.000
  0.000
  0.000
  0.000
  0.000
  0.000
  0.000
  0.000
  0.000
  0.000
  0.000
  0.000
  0.000
  0.000
  0.000
  0.000
  0.000
  0.000
  0.000
  0.000
  0.000
  0.000
  0.000
  0.000
  0.000
  0.000
  0.000
  0.000
  0.000
  0.000
  0.000
  0.000
  0.000
  0.000
  0.000
  0.000
  0.000
  0.000
  0.000
  0.000
  0.000
  0.000
  0.000
  0.000
  0.000
  0.000
  0.000
  0.000
  0.000
  0.000
  0.000
  0.000
  0.000
  0.000
  0.000
  0.000
  0.000
  0.000
  0.000
  0.000
  0.000
  0.000
  0.000
  0.000
  0.000
  0.000
  0.000
  0.000
  0.000
  0.000
  0.000
  0.000
  0.000
  0.000
  0.000
  0.000
  0.000
  0.000
  0.000
  0.000
  0.000
  0.000
  0.000
  0.000
  0.000
  1.508
  0.000
  0.000
  0.000
  2.840
  1.399
  0.000
  1.359
  1.340
  0.000
  0.000
  1.284
  0.000
  1.249
  1.232
  2.430
  2.397
  1.182
  1.167
  2.302
  1.136
  2.242
  0.000
  0.000
  1.078
  0.000
  1.051
  2.076
  0.000
  4.049
  3.999
  0.000
  2.926
  1.927
  0.952
  1.881
  0.000
  0.918
  0.908
  0.897
  0.000
  0.876
  0.000
  1.713
  4.233
  1.674
  0.828
  0.000
  0.000
  0.000
  0.000
  0.783
  0.000
  1.532
  0.758
  0.750
  0.000
  0.734
  0.000
  0.000
  0.000
  0.000
  0.000
  0.000
  0.000
  0.000
  0.000
  0.662
  1.310
  0.649
  0.642
  0.636
  0.000
  0.624
  1.235
  0.000
  1.211
  2.399
  2.376
  0.588
  0.583
  1.155
  2.288
  0.567
  1.684
  1.113
  0.551
  0.546
  2.165
  2.682
  2.126
  1.580
  1.044
  1.035
  1.538
  0.508
  0.504
  0.999
  1.980
  1.472
  0.487
  2.412
  0.000
  1.423
  2.351
  1.399
  2.311
  0.458
  1.364
  0.902
  0.894
  0.443
  1.319
  0.872
  0.000
  2.146
  0.426
  1.267
  0.419
  0.416
  0.825
  0.409
  1.623
  0.805
  0.000
  0.5808105E+02  0.5808105E+02
  0.000
  0.000
  0.000
  0.000
  0.000
  0.000
  0.000
  0.000
  0.000
  0.000
  0.000
  0.000
  0.000
  0.000
  0.000
  0.000
  0.000
340.491
  0.000
  0.000
  0.000
  0.000
  0.000
  0.000
  0.000
  0.000
  0.000
 68.954
 96.300
 29.961
  0.000
  0.000
  0.000
  0.000
  0.000
  0.000
  0.000
  0.000
  0.000
  0.000
  0.000
  0.000
  0.000
  0.000
  0.000
  0.000
  0.000
  0.000
  0.000
  0.000
  0.000
  0.000
  0.000
  0.000
  0.000
  0.000
  0.000
  0.000
  0.000
  0.000
  0.000
  0.000
  0.000
  0.000
  0.000
  0.000
  0.000
  0.000
  0.000
  0.000
  0.000
  0.000
  0.000
  0.000
  0.000
  0.000
  0.000
  0.000
  0.000
  0.000
  0.000
  0.000
  0.000
  0.000
  0.000
  0.000
  0.000
  0.000
  0.000
  0.000
  0.000
  0.000
  0.000
  0.000
  0.000
  0.000
  0.000
  0.000
  0.000
  0.000
  0.000
  0.000
  0.000
  0.000
  0.000
  0.000
  0.000
  0.000
  0.000
  0.000
  0.000
  0.000
  0.000
  0.000
  0.000
  0.000
  0.000
  0.000
  0.000
  0.000
  0.000
  0.000
  0.000
  0.000
  0.000
  0.000
  0.000
  0.000
  0.000
  0.000
  0.000
  0.000
  1.485
  0.000
  0.000
  2.840
  1.399
  0.000
  1.359
  1.340
  0.000
  0.000
  1.284
  0.000
  1.249
  1.232
  1.215
  2.397
  2.365
  2.333
  2.302
  0.000
  2.242
  0.000
  0.000
  1.078
  1.065
  0.000
  2.076
  2.050
  1.012
  3.999
  0.987
  3.902
  0.964
  0.952
  1.881
  0.000
  0.918
  0.908
  0.897
  0.000
  0.000
  1.732
  2.569
  2.540
  1.674
  0.828
  0.000
  0.000
  0.000
  0.000
  0.783
  0.774
  0.766
  0.758
  0.750
  0.742
  0.000
  0.000
  0.000
  0.000
  0.000
  0.000
  0.000
  0.000
  0.000
  0.000
  0.000
  1.966
  0.649
  0.642
  0.636
  0.630
  0.000
  0.000
  1.223
  1.211
  2.399
  1.782
  1.177
  0.583
  0.577
  2.288
  0.567
  1.684
  1.669
  0.000
  1.639
  1.082
  2.145
  3.189
  1.580
  1.044
  1.035
  0.513
  1.525
  0.504
  0.999
  2.475
  0.982
  0.487
  1.930
  0.957
  1.423
  2.351
  0.932
  2.311
  0.458
  1.818
  0.902
  0.447
  1.330
  0.440
  0.872
  0.865
  1.287
  1.277
  0.422
  0.419
  0.416
  0.825
  0.818
  1.623
  0.000
  0.399
  0.7057093E+02  0.7057093E+02
  0.000
  0.000
  0.000
  0.000
  0.000
  0.000
  0.000
  0.000
  0.000
  0.000
  0.000
  0.000
  0.000
  0.000
  0.000
  0.000
  0.000
340.491
  0.000
  0.000
  0.000
  0.000
  0.000
  0.000
  0.000
  0.000
  0.000
  0.000
128.400
 59.922
  0.000
  0.000
  0.000
  0.000
  0.000
  0.000
  0.000
  0.000
  0.000
  0.000
  0.000
  0.000
  0.000
  0.000
  0.000
  0.000
  0.000
  0.000
  0.000
  0.000
  0.000
  0.000
  0.000
  0.000
  0.000
  0.000
  0.000
  0.000
  0.000
  0.000
  0.000
  0.000
  0.000
  0.000
  0.000
  0.000
  0.000
  0.000
  0.000
  0.000
  0.000
  0.000
  0.000
  0.000
  0.000
  0.000
  0.000
  0.000
  0.000
  0.000
  0.000
  0.000
  0.000
  0.000
  0.000
  0.000
  0.000
  0.000
  0.000
  0.000
  0.000
  0.000
  0.000
  0.000
  0.000
  0.000
  0.000
  0.000
  0.000
  0.000
  0.000
  0.000
  0.000
  0.000
  0.000
  0.000
  0.000
  0.000
  0.000
  0.000
  0.000
  0.000
  0.000
  0.000
  0.000
  0.000
  0.000
  0.000
  0.000
  0.000
  0.000
  0.000
  0.000
  0.000
  0.000
  0.000
  0.000
  0.000
  0.000
  0.000
  0.000
  1.508
  0.000
  0.000
  1.441
  1.420
  1.399
  0.000
  0.000
  2.680
  0.000
  0.000
  1.284
  0.000
  1.249
  1.232
  1.215
  2.397
  3.547
  1.167
  2.302
  0.000
  2.242
  0.000
  0.000
  0.000
  2.129
  1.051
  1.038
  2.050
  1.012
  2.999
  2.962
  1.951
  0.964
  1.904
  1.881
  0.000
  0.000
  1.815
  0.897
  0.000
  0.000
  0.000
  2.569
  4.233
  1.674
  0.828
  0.000
  0.000
  0.000
  0.000
  0.783
  0.774
  0.000
  1.516
  0.750
  0.000
  0.734
  0.000
  0.000
  0.000
  0.000
  0.000
  0.000
  0.000
  0.000
  0.000
  1.324
  0.655
  0.649
  1.284
  0.000
  0.630
  0.000
  0.617
  1.223
  1.817
  1.200
  2.376
  0.588
  1.166
  0.577
  1.716
  0.567
  2.246
  0.556
  1.102
  1.092
  1.082
  2.145
  2.657
  1.580
  2.088
  0.517
  0.513
  1.017
  1.008
  0.999
  2.475
  0.982
  0.487
  1.447
  1.435
  1.897
  1.881
  0.932
  2.774
  0.000
  1.364
  0.451
  0.894
  0.443
  1.759
  0.436
  0.433
  1.287
  1.703
  0.845
  0.419
  0.416
  0.825
  1.227
  0.406
  0.805
  0.399
  0.7741288E+02  0.7741288E+02
  0.000
  0.000
  0.000
  0.000
  0.000
  0.000
  0.000
  0.000
  0.000
  0.000
  0.000
  0.000
  0.000
  0.000
  0.000
  0.000
  0.000
255.368
 76.171
  0.000
  0.000
  0.000
  0.000
  0.000
  0.000
  0.000
  0.000
  0.000
 96.300
 89.883
  0.000
  0.000
  0.000
  0.000
  0.000
  0.000
  0.000
  0.000
  0.000
  0.000
  0.000
  0.000
  0.000
  0.000
  0.000
  0.000
  0.000
  0.000
  0.000
  0.000
  0.000
  0.000
  0.000
  0.000
  0.000
  0.000
  0.000
  0.000
  0.000
  0.000
  0.000
  0.000
  0.000
  0.000
  0.000
  0.000
  0.000
  0.000
  0.000
  0.000
  0.000
  0.000
  0.000
  0.000
  0.000
  0.000
  0.000
  0.000
  0.000
  0.000
  0.000
  0.000
  0.000
  0.000
  0.000
  0.000
  0.000
  0.000
  0.000
  0.000
  0.000
  0.000
  0.000
  0.000
  0.000
  0.000
  0.000
  0.000
  0.000
  0.000
  0.000
  0.000
  0.000
  0.000
  0.000
  0.000
  0.000
  0.000
  0.000
  0.000
  0.000
  0.000
  0.000
  0.000
  0.000
  0.000
  0.000
  0.000
  0.000
  0.000
  0.000
  0.000
  0.000
  0.000
  0.000
  0.000
  0.000
  0.000
  0.000
  0.000
  0.000
  1.508
  0.000
  0.000
  1.441
  1.420
  1.399
  0.000
  0.000
  1.340
  1.321
  0.000
  0.000
  1.266
  1.249
  1.232
  2.430
  1.199
  3.547
  1.167
  2.302
  0.000
  2.242
  0.000
  0.000
  0.000
  2.129
  1.051
  2.076
  1.025
  2.025
  2.999
  1.975
  0.975
  1.927
  1.904
  1.881
  0.000
  0.000
  1.815
  0.000
  0.887
  0.000
  0.000
  2.569
  4.233
  1.674
  0.828
  0.000
  0.000
  0.000
  0.000
  1.566
  0.000
  0.000
  1.516
  0.750
  0.000
  0.734
  0.000
  0.000
  0.000
  0.000
  0.000
  0.000
  0.000
  0.000
  0.000
  1.324
  0.655
  0.000
  1.927
  0.000
  0.630
  0.000
  1.235
  1.835
  0.606
  1.799
  1.782
  0.588
  0.000
  1.732
  1.716
  0.567
  2.246
  0.556
  1.102
  1.092
  1.624
  1.609
  2.657
  2.107
  1.566
  0.517
  0.513
  1.525
  0.504
  0.999
  2.475
  0.491
  1.460
  0.965
  1.913
  1.897
  0.470
  1.865
  2.774
  0.000
  0.909
  1.352
  0.447
  0.443
  1.759
  0.436
  0.433
  0.858
  1.703
  1.267
  0.419
  0.416
  0.825
  1.636
  0.000
  0.805
  0.399
  0.1073011E+03  0.1073011E+03
  0.000
  0.000
  0.000
  0.000
  0.000
  0.000
  0.000
  0.000
  0.000
  0.000
  0.000
  0.000
  0.000
  0.000
  0.000
  0.000
 95.750
255.368
  0.000
  0.000
  0.000
  0.000
  0.000
  0.000
  0.000
  0.000
  0.000
 34.477
128.400
 29.961
  0.000
  0.000
  0.000
  0.000
  0.000
  0.000
  0.000
  0.000
  0.000
  0.000
  0.000
  0.000
  0.000
  0.000
  0.000
  0.000
  0.000
  0.000
  0.000
  0.000
  0.000
  0.000
  0.000
  0.000
  0.000
  0.000
  0.000
  0.000
  0.000
  0.000
  0.000
  0.000
  0.000
  0.000
  0.000
  0.000
  0.000
  0.000
  0.000
  0.000
  0.000
  0.000
  0.000
  0.000
  0.000
  0.000
  0.000
  0.000
  0.000
  0.000
  0.000
  0.000
  0.000
  0.000
  0.000
  0.000
  0.000
  0.000
  0.000
  0.000
  0.000
  0.000
  0.000
  0.000
  0.000
  0.000
  0.000
  0.000
  0.000
  0.000
  0.000
  0.000
  0.000
  0.000
  0.000
  0.000
  0.000
  0.000
  0.000
  0.000
  0.000
  0.000
  0.000
  0.000
  0.000
  0.000
  0.000
  0.000
  0.000
  0.000
  0.000
  0.000
  0.000
  0.000
  0.000
  0.000
  0.000
  0.000
  0.000
  0.000
  0.000
  1.508
  0.000
  0.000
  0.000
  2.840
  0.000
  1.379
  0.000
  0.000
  1.321
  1.302
  0.000
  1.266
  0.000
  2.463
  1.215
  3.596
  1.182
  1.167
  3.454
  1.136
  1.121
  0.000
  0.000
  0.000
  1.065
  3.154
  1.038
  0.000
  3.037
  3.999
  0.000
  2.926
  1.927
  0.952
  0.941
  0.929
  0.000
  1.815
  0.000
  0.887
  0.000
  2.599
  0.856
  4.233
  0.837
  0.828
  0.000
  0.000
  0.000
  1.583
  0.000
  0.000
  0.766
  0.758
  0.750
  0.000
  0.734
  0.000
  0.000
  0.000
  0.000
  0.000
  0.000
  0.000
  0.000
  0.000
  0.662
  0.655
  0.649
  0.642
  1.272
  0.630
  0.000
  1.235
  0.612
  1.817
  1.200
  2.376
  0.588
  0.000
  1.155
  1.144
  1.700
  1.684
  1.113
  1.102
  1.639
  1.082
  1.609
  1.063
  2.634
  2.088
  1.035
  0.513
  1.017
  1.008
  1.998
  1.980
  0.000
  1.460
  1.930
  1.913
  0.948
  1.411
  1.865
  1.849
  0.917
  0.000
  1.352
  0.894
  0.887
  0.880
  0.436
  0.865
  1.287
  0.851
  0.845
  0.838
  1.247
  0.412
  1.227
  0.406
  0.403
  0.399
  0.6863309E+02  0.6863309E+02
  0.000
  0.000
  0.000
  0.000
  0.000
  0.000
  0.000
  0.000
  0.000
  0.000
  0.000
  0.000
  0.000
  0.000
  0.000
  0.000
  0.000
340.491
  0.000
  0.000
  0.000
  0.000
  0.000
  0.000
  0.000
  0.000
  0.000
 34.477
128.400
 29.961
  0.000
  0.000
  0.000
  0.000
  0.000
  0.000
  0.000
  0.000
  0.000
  0.000
  0.000
  0.000
  0.000
  0.000
  0.000
  0.000
  0.000
  0.000
  0.000
  0.000
  0.000
  0.000
  0.000
  0.000
  0.000
  0.000
  0.000
  0.000
  0.000
  0.000
  0.000
  0.000
  0.000
  0.000
  0.000
  0.000
  0.000
  0.000
  0.000
  0.000
  0.000
  0.000
  0.000
  0.000
  0.000
  0.000
  0.000
  0.000
  0.000
  0.000
  0.000
  0.000
  0.000
  0.000
  0.000
  0.000
  0.000
  0.000
  0.000
  0.000
  0.000
  0.000
  0.000
  0.000
  0.000
  0.000
  0.000
  0.000
  0.000
  0.000
  0.000
  0.000
  0.000
  0.000
  0.000
  0.000
  0.000
  0.000
  0.000
  0.000
  0.000
  0.000
  0.000
  0.000
  0.000
  0.000
  0.000
  0.000
  0.000
  0.000
  0.000
  0.000
  0.000
  0.000
  0.000
  0.000
  0.000
  0.000
  0.000
  0.000
  0.000
  0.000
  1.485
  0.000
  2.883
  0.000
  0.000
  1.379
  0.000
  1.340
  0.000
  1.302
  1.284
  0.000
  0.000
  2.463
  1.215
  2.397
  2.365
  1.167
  2.302
  2.272
  1.121
  0.000
  0.000
  0.000
  2.129
  2.102
  1.038
  1.025
  2.025
  3.999
  0.000
  2.926
  1.927
  0.952
  0.000
  0.929
  0.918
  1.815
  0.000
  0.887
  0.000
  1.732
  1.713
  4.233
  0.000
  1.655
  0.000
  0.000
  0.000
  0.792
  0.783
  0.000
  0.766
  0.000
  1.499
  0.742
  0.000
  0.000
  0.000
  0.000
  0.000
  0.000
  0.000
  0.000
  0.000
  0.000
  0.662
  1.310
  0.000
  0.642
  1.272
  0.630
  0.624
  0.617
  0.612
  1.817
  0.600
  2.971
  0.588
  0.000
  0.577
  2.288
  1.133
  1.684
  1.669
  0.551
  1.639
  1.624
  1.609
  1.063
  2.107
  1.566
  1.035
  2.051
  0.000
  1.008
  1.998
  0.990
  0.982
  0.973
  2.894
  1.435
  0.474
  1.881
  1.399
  1.849
  0.917
  0.455
  1.803
  0.447
  0.887
  0.880
  0.436
  0.865
  1.287
  0.851
  0.422
  1.257
  1.247
  0.412
  0.818
  1.217
  0.403
  0.000
  0.5606932E+02  0.5606932E+02
  0.000
  0.000
  0.000
  0.000
  0.000
  0.000
  0.000
  0.000
  0.000
  0.000
  0.000
  0.000
  0.000
  0.000
  0.000
  0.000
  0.000
340.491
  0.000
  0.000
  0.000
  0.000
  0.000
  0.000
  0.000
  0.000
  0.000
  0.000
128.400
 59.922
  0.000
  0.000
  0.000
  0.000
  0.000
  0.000
  0.000
  0.000
  0.000
  0.000
  0.000
  0.000
  0.000
  0.000
  0.000
  0.000
  0.000
  0.000
  0.000
  0.000
  0.000
  0.000
  0.000
  0.000
  0.000
  0.000
  0.000
  0.000
  0.000
  0.000
  0.000
  0.000
  0.000
  0.000
  0.000
  0.000
  0.000
  0.000
  0.000
  0.000
  0.000
  0.000
  0.000
  0.000
  0.000
  0.000
  0.000
  0.000
  0.000
  0.000
  0.000
  0.000
  0.000
  0.000
  0.000
  0.000
  0.000
  0.000
  0.000
  0.000
  0.000
  0.000
  0.000
  0.000
  0.000
  0.000
  0.000
  0.000
  0.000
  0.000
  0.000
  0.000
  0.000
  0.000
  0.000
  0.000
  0.000
  0.000
  0.000
  0.000
  0.000
  0.000
  0.000
  0.000
  0.000
  0.000
  0.000
  0.000
  0.000
  0.000
  0.000
  0.000
  0.000
  0.000
  0.000
  0.000
  0.000
  0.000
  0.000
  0.000
  0.000
  1.508
  0.000
  1.463
  1.441
  0.000
  0.000
  1.379
  0.000
  1.340
  1.321
  0.000
  1.284
  0.000
  0.000
  2.463
  1.215
  2.397
  2.365
  1.167
  2.302
  2.272
  1.121
  0.000
  0.000
  0.000
  2.129
  2.102
  1.038
  2.050
  2.025
  2.999
  0.000
  2.926
  0.964
  1.904
  0.000
  0.929
  0.918
  0.908
  0.897
  0.887
  0.000
  1.732
  1.713
  4.233
  0.000
  1.655
  0.000
  0.000
  0.000
  0.792
  0.783
  0.774
  0.000
  0.000
  0.750
  0.742
  0.734
  0.000
  0.000
  0.000
  0.000
  0.000
  0.000
  0.000
  0.000
  0.000
  1.324
  0.655
  0.000
  0.642
  1.272
  0.630
  0.624
  0.617
  1.223
  1.211
  1.200
  2.971
  0.000
  0.000
  1.155
  1.144
  1.700
  1.684
  1.113
  1.654
  1.092
  1.624
  1.609
  1.063
  1.580
  2.088
  1.035
  1.538
  1.017
  0.504
  1.498
  1.980
  0.982
  0.487
  2.412
  0.957
  1.423
  1.881
  0.932
  1.849
  1.375
  0.455
  1.803
  0.447
  0.887
  0.880
  0.436
  0.865
  0.429
  1.703
  0.845
  0.838
  0.416
  2.061
  0.000
  0.812
  0.805
  0.000
